10 45 4.1112 26.4938
20 45 4.0110 23.5677
30 45 4.0367 20.6320
40 45 3.9390 18.5779
50 45 3.6395 15.8982
60 45 3.5480 13.6986
70 45 3.3651 12.1950
80 45 3.1647 10.8463
90 45 2.9939 8.9697
100 45 2.7455 7.4158
110 45 2.7023 6.5141
120 45 2.6360 5.2912
130 45 2.4395 3.9303
140 45 2.4169 2.9278
150 45 2.3365 2.2245
160 45 2.1746 1.2642
170 45 2.0811 0.3406
180 45 1.9196 -0.3429
190 45 1.8008 -0.9050
200 45 1.7114 -1.7441
210 45 1.5974 -2.3069
220 45 1.5434 -2.7790
230 45 1.4742 -3.4938
240 45 1.3942 -4.0899
250 45 1.4086 -4.5307
260 45 1.4016 -4.9615
270 45 1.3629 -5.4889
280 45 1.3825 -5.9882
290 45 1.3476 -6.3559
300 45 1.3510 -6.6847
310 45 1.3429 -7.1712
320 45 1.2865 -7.5237
330 45 1.2671 -7.7556
340 45 1.2333 -8.2161
350 45 1.1569 -8.5438
360 45 1.1337 -8.8401
370 45 1.0913 -9.0848
380 45 1.0379 -9.4042
390 45 1.0215 -9.7227
400 45 0.9817 -9.9768
410 45 0.9556 -10.2813
420 45 0.9536 -10.5381
430 45 0.9013 -10.7341
440 45 0.8990 -10.9199
450 45 0.8432 -11.2112
460 45 0.8010 -11.3797
470 45 0.7753 -11.6057
480 45 0.7395 -11.7504
490 45 0.7160 -11.9186
500 45 0.7221 -12.1554
510 45 0.7023 -12.3371
520 45 0.7107 -12.4832
530 45 0.7243 -12.6663
540 45 0.7018 -12.8503
550 45 0.7112 -12.9847
560 45 0.6983 -13.1347
570 45 0.6519 -13.3221
580 45 0.6545 -13.4949
590 45 0.6435 -13.5679
600 45 0.6309 -13.6829
610 45 0.6297 -13.8490
620 45 0.5989 -13.9557
630 45 0.5850 -14.0291
640 45 0.5620 -14.2472
650 45 0.5119 -14.3928
660 45 0.4998 -14.4722
670 45 0.4782 -14.5014
