10 12 6.3139 26.1050
20 12 5.7450 22.7603
30 12 5.1510 19.7689
40 12 4.8243 17.7913
50 12 4.4176 15.7769
60 12 3.9158 13.5465
70 12 3.6241 11.7652
80 12 3.3219 10.5443
90 12 2.9431 9.0642
100 12 2.7161 7.5791
110 12 2.5518 6.9275
120 12 2.2955 5.7022
130 12 2.1688 4.5664
140 12 2.0202 3.9045
150 12 1.8424 2.8998
160 12 1.7669 2.0277
170 12 1.6623 1.5600
180 12 1.5562 0.6638
190 12 1.5456 -0.0754
200 12 1.5256 -0.4566
210 12 1.4758 -1.2418
220 12 1.4935 -1.8397
230 12 1.4731 -2.2534
240 12 1.3573 -2.9380
250 12 1.3613 -3.4627
260 12 1.3322 -3.7567
270 12 1.2602 -4.3748
280 12 1.2668 -4.8759
290 12 1.2311 -5.2068
300 12 1.2137 -5.6267
310 12 1.2195 -6.0698
320 12 1.1371 -6.4263
330 12 1.0997 -6.6470
340 12 1.0499 -7.1573
350 12 0.9711 -7.4747
360 12 0.9493 -7.6858
370 12 0.9162 -8.0798
380 12 0.8518 -8.3680
390 12 0.8404 -8.5665
400 12 0.8120 -8.8872
410 12 0.7667 -9.1402
420 12 0.7648 -9.3567
430 12 0.7431 -9.5487
440 12 0.6958 -9.8223
450 12 0.6861 -10.0959
460 12 0.6610 -10.2404
470 12 0.6051 -10.4385
480 12 0.5971 -10.7085
490 12 0.5585 -10.8323
500 12 0.5229 -11.0635
510 12 0.5157 -11.2581
520 12 0.4971 -11.3813
530 12 0.4747 -11.5213
540 12 0.4618 -11.7589
550 12 0.4473 -11.8716
560 12 0.4503 -12.0043
570 12 0.4816 -12.1624
580 12 0.4703 -12.2784
590 12 0.4623 -12.4070
600 12 0.4812 -12.6184
610 12 0.4654 -12.7245
620 12 0.4529 -12.8527
630 12 0.4720 -13.0350
640 12 0.4837 -13.1092
650 12 0.4796 -13.2262
660 12 0.5122 -13.4121
670 12 0.5038 -13.5276
680 12 0.4988 -13.6187
690 12 0.5200 -13.7488
700 12 0.5003 -13.8564
710 12 0.4965 -13.9465
720 12 0.5025 -14.1378
730 12 0.4523 -14.2661
740 12 0.4352 -14.3949
750 12 0.4051 -14.6479
760 12 0.3759 -14.6825
770 12 0.4072 -14.6458
780 12 0.4019 -14.7397
790 12 0.4015 -14.7567
800 12 0.3959 -14.8053
