10 139 10.7340 27.9029
20 139 9.5302 24.0634
30 139 8.6147 21.1535
40 139 7.9659 18.4692
50 139 7.3543 16.3334
60 139 6.7076 13.8324
70 139 6.2284 11.5832
80 139 5.7589 9.9092
90 139 5.4878 8.7793
100 139 5.1250 7.0502
110 139 4.7741 5.7521
120 139 4.5551 4.5277
130 139 4.3492 3.6250
140 139 4.0865 2.3973
150 139 3.9179 1.3650
160 139 3.6828 0.5799
170 139 3.5121 -0.0390
180 139 3.3241 -1.0359
190 139 3.1228 -1.7300
200 139 3.0462 -2.2700
210 139 2.9505 -2.8503
220 139 2.7957 -3.6928
230 139 2.7201 -4.2356
240 139 2.6188 -4.6448
250 139 2.5136 -5.1858
260 139 2.4349 -5.7370
270 139 2.3075 -6.2036
280 139 2.2447 -6.4963
290 139 2.1652 -6.9984
300 139 2.0520 -7.3994
310 139 2.0025 -7.7454
320 139 1.9271 -8.0293
330 139 1.8449 -8.4022
340 139 1.7720 -8.7689
350 139 1.6785 -9.0231
360 139 1.6091 -9.2191
370 139 1.5193 -9.5749
380 139 1.4210 -9.8456
390 139 1.3765 -10.1098
400 139 1.3295 -10.3030
410 139 1.2697 -10.5729
420 139 1.2331 -10.8512
430 139 1.1714 -10.9954
440 139 1.1173 -11.1586
450 139 1.0905 -11.4284
460 139 1.0291 -11.6462
470 139 1.0252 -11.7781
480 139 0.9969 -12.0071
490 139 0.9327 -12.1789
500 139 0.8947 -12.3395
510 139 0.8625 -12.4690
520 139 0.8053 -12.7065
530 139 0.8100 -12.8609
540 139 0.7983 -12.9436
550 139 0.7770 -13.1219
560 139 0.7854 -13.3078
570 139 0.7475 -13.4405
580 139 0.7471 -13.5644
590 139 0.7440 -13.6535
600 139 0.6839 -13.8794
610 139 0.6821 -13.9668
620 139 0.6687 -14.0369
630 139 0.6507 -14.1870
640 139 0.6383 -14.4987
650 139 0.6375 -14.5055
660 139 0.6353 -14.5017
670 139 0.6079 -14.6776
