10 5 1.3550 -13.5175
20 5 1.3556 -13.3508
30 5 1.4020 -13.1615
40 5 1.4478 -13.0036
50 5 1.4541 -12.8748
60 5 1.5010 -12.6768
70 5 1.5532 -12.4622
80 5 1.5730 -12.3204
90 5 1.6435 -12.1725
100 5 1.6930 -11.9341
110 5 1.7509 -11.7857
120 5 1.8276 -11.6428
130 5 1.9019 -11.3890
140 5 1.9783 -11.2055
150 5 2.0693 -11.0421
160 5 2.1160 -10.8408
170 5 2.2323 -10.5839
180 5 2.3272 -10.4255
190 5 2.3915 -10.1772
200 5 2.4857 -9.9048
210 5 2.5440 -9.7106
220 5 2.5794 -9.4793
230 5 2.6693 -9.2246
240 5 2.7737 -8.9991
250 5 2.8324 -8.7652
260 5 2.9540 -8.4500
270 5 3.0665 -8.1803
280 5 3.1303 -7.9266
290 5 3.2428 -7.5882
300 5 3.3414 -7.2926
310 5 3.3702 -7.0016
320 5 3.4834 -6.6137
330 5 3.5724 -6.1678
340 5 3.5787 -5.8941
350 5 3.7218 -5.4241
360 5 3.8531 -4.9208
370 5 3.9126 -4.5995
380 5 4.0810 -4.1165
390 5 4.2663 -3.4410
400 5 4.3618 -2.9630
410 5 4.5485 -2.4547
420 5 4.6881 -1.6673
430 5 4.8722 -0.9348
440 5 5.0511 -0.4231
450 5 5.2268 0.5115
460 5 5.4797 1.4460
470 5 5.7180 2.2350
480 5 5.8903 3.0844
490 5 6.1843 4.1443
500 5 6.4668 5.2321
510 5 6.5573 5.9628
520 5 6.9203 7.3243
530 5 7.1990 8.6207
540 5 7.3127 9.5232
550 5 7.6964 10.9809
560 5 8.0793 12.8196
570 5 8.2257 13.9520
580 5 8.7454 15.8568
590 5 9.3135 18.2123
600 5 9.6129 19.6930
