10 94 2.0042 -13.6549
20 94 2.0770 -13.5644
30 94 2.1324 -13.3997
40 94 2.2194 -13.2683
50 94 2.3041 -13.0822
60 94 2.3592 -12.9672
70 94 2.4413 -12.8124
80 94 2.5048 -12.5963
90 94 2.5477 -12.4604
100 94 2.6101 -12.2961
110 94 2.6440 -12.0935
120 94 2.7013 -11.8868
130 94 2.7701 -11.7115
140 94 2.8135 -11.5551
150 94 2.9119 -11.3057
160 94 2.9697 -11.0184
170 94 3.0203 -10.7749
180 94 3.0868 -10.5555
190 94 3.1295 -10.3184
200 94 3.2448 -10.0187
210 94 3.3503 -9.6182
220 94 3.4267 -9.3633
230 94 3.5186 -9.1077
240 94 3.5747 -8.7049
250 94 3.6570 -8.3108
260 94 3.7000 -8.0099
270 94 3.7206 -7.6807
280 94 3.8140 -7.2424
290 94 3.8737 -6.8054
300 94 3.9377 -6.3788
310 94 4.0383 -6.0495
320 94 4.1391 -5.5203
330 94 4.2733 -5.0159
340 94 4.4261 -4.4834
350 94 4.5088 -4.0411
360 94 4.7007 -3.4479
370 94 4.8948 -2.6117
380 94 5.0987 -2.0198
390 94 5.3166 -1.4665
400 94 5.5309 -0.6428
410 94 5.8169 0.2629
420 94 6.0860 1.0365
430 94 6.2712 1.8145
440 94 6.6876 3.0929
450 94 7.0527 4.4315
460 94 7.4247 5.6076
470 94 7.8178 6.7054
480 94 8.2448 8.2342
490 94 8.8568 10.1264
500 94 9.4243 12.0722
510 94 9.8799 13.7707
520 94 10.7303 16.4770
