10 19 1.1180 -13.6957
20 19 1.1482 -13.6113
30 19 1.1536 -13.4351
40 19 1.1700 -13.3146
50 19 1.2143 -13.1648
60 19 1.2211 -13.0082
70 19 1.2779 -12.8644
80 19 1.3415 -12.6795
90 19 1.3916 -12.5449
100 19 1.4770 -12.3460
110 19 1.5491 -12.1391
120 19 1.6148 -11.9520
130 19 1.6803 -11.8030
140 19 1.7237 -11.5353
150 19 1.7861 -11.3276
160 19 1.8465 -11.1532
170 19 1.8847 -10.9240
180 19 1.9705 -10.7113
190 19 2.0600 -10.4282
200 19 2.1058 -10.2185
210 19 2.1819 -9.9726
220 19 2.2445 -9.5900
230 19 2.2909 -9.3655
240 19 2.3457 -9.0783
250 19 2.3717 -8.7426
260 19 2.4243 -8.3019
270 19 2.4323 -7.9931
280 19 2.3711 -7.7024
290 19 2.3924 -7.2006
300 19 2.3236 -6.7943
310 19 2.2075 -6.4033
320 19 2.1648 -6.0446
330 19 2.0779 -5.5216
340 19 1.9906 -4.9720
350 19 1.9128 -4.5753
360 19 1.7646 -4.1252
370 19 1.7155 -3.4200
380 19 1.6405 -2.7483
390 19 1.5066 -2.1089
400 19 1.4441 -1.5281
410 19 1.3391 -0.6475
420 19 1.2825 0.3948
430 19 1.2230 1.1816
440 19 1.0806 1.9546
450 19 1.0496 3.1846
460 19 1.0090 4.3307
470 19 0.8789 5.5627
480 19 0.8400 6.5264
490 19 0.6705 8.0241
500 19 0.5610 9.9188
510 19 0.4678 11.3802
520 19 0.2665 12.8054
530 19 0.2332 15.0752
540 19 0.2127 17.8716
550 19 0.1761 19.7681
560 19 0.3177 22.5601
570 19 0.4338 25.8607
