1,193,2100.821533203125,1307.205078125,105.36962890625,244.7923583984375,1,-1,-1,-1
2,193,2099.55319540424,1317.7019850045197,105.42905397135002,245.04139696862086,1,-1,-1,-1
3,193,2098.8108822313357,1328.6044527424713,104.71647243496349,243.49536751671891,1,-1,-1,-1
4,193,2093.7972873925114,1337.6615999782448,104.29187606888904,242.8327668211466,1,-1,-1,-1
5,193,2088.603189524892,1347.0113625272245,104.7916482903298,244.3231722588271,1,-1,-1,-1
6,193,2085.0496096225843,1353.5171468267395,104.41943724021546,243.70535926531056,1,-1,-1,-1
7,193,2077.0144260938177,1360.358754944053,105.30228182204206,245.2920321629983,1,-1,-1,-1
8,193,2070.756816824563,1364.9347921195783,105.7589733673493,246.7130069277358,1,-1,-1,-1
9,193,2059.6123148120178,1372.5937101850134,104.92723096377419,244.80135545234504,1,-1,-1,-1
10,193,2047.6944707999423,1377.2861249131195,105.35554307910012,246.09084020567934,1,-1,-1,-1
11,193,2036.9531164473913,1382.5634183128022,103.75656046941879,243.14379120351134,1,-1,-1,-1
12,193,2023.666076038382,1388.9973339410774,103.20797761424711,241.17784099866932,1,-1,-1,-1
13,193,2009.0074752944,1392.613981583669,104.2053097193371,243.90435879798505,1,-1,-1,-1
14,193,1994.6343937998404,1396.5701259049035,103.84378795793194,243.69356416801398,1,-1,-1,-1
15,193,1979.3521647768275,1402.3463690127996,103.62188234552045,244.03059685060649,1,-1,-1,-1
16,193,1963.4731860706652,1408.6400980457033,102.59406025405515,242.23748822992764,1,-1,-1,-1
17,193,1942.6386316536923,1416.6469969098162,101.81716049727895,239.68878731916175,1,-1,-1,-1
18,193,1924.0968058659541,1421.449908856243,101.66476198084695,239.93181537862412,1,-1,-1,-1
19,193,1905.8232438127638,1424.8567037556656,102.40979449736359,242.18361408756363,1,-1,-1,-1
20,193,1883.9233748700626,1432.6325153847686,101.8951053918389,241.18525208783268,1,-1,-1,-1
21,193,1862.5153053042075,1436.044159273863,102.45201569692863,243.12372068016793,1,-1,-1,-1
22,193,1838.6893481588472,1439.3932818152173,102.51125154926629,243.24234451621604,1,-1,-1,-1
23,193,1813.3049280564032,1446.4163758389698,101.98961460121275,242.15617526323052,1,-1,-1,-1
24,193,1790.191052405463,1450.0951007256317,102.74151716390828,243.97889707239602,1,-1,-1,-1
25,193,1763.9813698323765,1452.503061376714,103.11689450621657,245.4481009453418,1,-1,-1,-1
26,193,1735.5493304392962,1457.8191699382078,104.13754805276763,247.42598032616016,1,-1,-1,-1
27,193,1706.9287155254417,1462.4363677879996,104.375218638344,247.87786456816937,1,-1,-1,-1
28,193,1678.321444281719,1465.878510985238,103.99390465521967,247.06399249851177,1,-1,-1,-1
29,193,1647.890173144058,1470.921208587501,104.78687065868881,247.9869861754655,1,-1,-1,-1
30,193,1613.572868174453,1476.7394701544013,104.67882355854795,247.68243585163967,1,-1,-1,-1
31,193,1582.2919572132143,1484.7158735733015,103.88154783653087,245.68006745282116,1,-1,-1,-1
32,193,1549.4050403780032,1486.2950651211543,106.43022161465176,251.34331299671751,1,-1,-1,-1
33,193,1518.881611559309,1491.3761311034368,105.48808299568822,249.31975747647434,1,-1,-1,-1
34,193,1483.800510581733,1498.149938176819,105.74888416833494,248.74118513014525,1,-1,-1,-1
35,193,1451.6498735508924,1502.9425837823694,106.76885906651376,250.75607278551053,1,-1,-1,-1
36,193,1420.2423974054323,1506.05717093887,107.10025331383213,251.88066770006307,1,-1,-1,-1
37,193,1388.364634020127,1511.2583062023512,108.31416474748055,254.61331255633695,1,-1,-1,-1
38,193,1354.388865277909,1516.6251462529942,108.14989234752836,253.8778598698836,1,-1,-1,-1
39,193,1322.897481763221,1518.5730225003354,109.1100535056716,256.1135000673515,1,-1,-1,-1
40,193,1292.489591743878,1524.6071496463758,109.26076241819138,255.19104022537007,1,-1,-1,-1
41,193,1261.8398232807353,1526.6250564882637,110.96143033683046,258.0683665363069,1,-1,-1,-1
42,193,1233.1199577340992,1530.1078002389818,111.48005769077358,259.13586835662846,1,-1,-1,-1
43,193,1205.1087787607,1536.3209867005526,111.65196503585184,259.1592818527742,1,-1,-1,-1
44,193,1176.8120069300849,1538.1034238503605,113.35888054612894,263.8940860001265,1,-1,-1,-1
45,193,1153.2609240064612,1539.455141929506,114.45386276416707,267.02864356980774,1,-1,-1,-1
46,193,1129.2381525881772,1545.8537126257797,113.89850676893124,265.9350632299818,1,-1,-1,-1
47,193,1103.9768971665646,1549.3545517311563,113.9523990989289,266.51079931558996,1,-1,-1,-1
48,193,1082.5040739875742,1550.609489832947,114.57369841757267,268.39214761682234,1,-1,-1,-1
49,193,1059.940288590407,1551.9421142707477,115.38295108268584,270.7985720462464,1,-1,-1,-1
50,193,1042.6373328365937,1558.2866621944006,114.63745397884448,269.3675531071989,1,-1,-1,-1
51,193,1026.0450098662845,1562.2439634469915,113.85893365052617,267.8651641325269,1,-1,-1,-1
52,193,1010.496943918014,1564.6657891519417,114.58967722382621,269.8916749116669,1,-1,-1,-1
53,193,995.869053618624,1565.57158853264,115.72169015472322,272.9069263948396,1,-1,-1,-1
54,193,981.9396090513734,1566.1381290563656,116.05278306736746,274.172241758671,1,-1,-1,-1
55,193,967.0396887602361,1570.7957373198292,117.56855070289176,276.2910596097118,1,-1,-1,-1
56,193,953.9847006269551,1573.694346776947,118.39651389920127,276.08017193473705,1,-1,-1,-1
57,193,941.2482113214367,1575.3521744755828,119.59857818283287,277.84036912945646,1,-1,-1,-1
58,193,929.0159241695579,1576.713233330695,120.79411833276878,279.13478738452005,1,-1,-1,-1
59,193,921.5250464135228,1577.682307433964,121.28487907777588,279.35767462137005,1,-1,-1,-1
60,193,912.734100182262,1582.739919753314,121.2874709402523,278.1912390723128,1,-1,-1,-1
61,193,906.5189623630512,1585.2362969176527,121.7657384659311,278.89907960936273,1,-1,-1,-1
62,193,898.2464541420986,1587.0511889250986,122.95330037796225,280.42294734432244,1,-1,-1,-1
63,193,894.2715470537033,1588.8540619024016,123.10390168566734,280.2400607186011,1,-1,-1,-1
64,193,892.26876204005,1590.8035555366723,122.89759157547167,280.03006800197426,1,-1,-1,-1
65,193,890.7891694147041,1594.7460909500878,123.48852070671019,281.52521097858465,1,-1,-1,-1
66,193,890.6097153392847,1598.1884965044044,122.91692019221114,280.3571102044758,1,-1,-1,-1
67,193,891.1314590739781,1600.8483743990587,122.52922320382598,279.3816288524488,1,-1,-1,-1
68,193,891.6326002150333,1602.657060575889,122.51275180727282,279.3983876654892,1,-1,-1,-1
69,193,892.7876099497493,1604.263563666204,122.15523134216413,278.7363044550782,1,-1,-1,-1
70,193,894.3524955862111,1604.5635174061595,122.8944447733086,280.272739771115,1,-1,-1,-1
71,193,896.9886297700494,1605.3580129843458,123.31914775348109,280.68636969532577,1,-1,-1,-1
72,193,904.6579076509054,1610.6814874627644,122.53805241315665,278.2089612956879,1,-1,-1,-1
73,193,911.5300374610553,1614.2179412999812,121.51472290819592,275.8205350726763,1,-1,-1,-1
74,193,920.8226984151552,1616.3352472556517,121.39577877852828,275.54590491153573,1,-1,-1,-1
75,193,927.8787683080554,1617.8628873039986,121.82651464474257,276.9227294360553,1,-1,-1,-1
76,193,939.525378696307,1619.9276763941116,121.40529120852908,276.67166737406313,1,-1,-1,-1
77,193,952.3616095104618,1620.9262004547872,121.22372123634348,276.93673494332205,1,-1,-1,-1
78,193,965.3381677715302,1627.0587864194495,119.756149473716,274.19524732402334,1,-1,-1,-1
79,193,979.0540812795577,1631.1834210449088,118.75610683718162,272.1120435275223,1,-1,-1,-1
80,193,993.2572716987545,1634.2429515019362,117.82480218031469,270.44743995579915,1,-1,-1,-1
81,193,1008.1896695418377,1636.6376425367796,117.24999426586689,269.028646914276,1,-1,-1,-1
82,193,1022.9743098598909,1638.2913240325242,116.92950832819166,268.8157361290097,1,-1,-1,-1
83,193,1038.4782615786635,1640.6667885245508,115.58693787943307,266.0724704141099,1,-1,-1,-1
84,193,1052.7488257712462,1644.3376209419966,116.21377489265815,267.7374423089007,1,-1,-1,-1
85,193,1067.6341102242764,1646.5027563285014,117.00689115968603,268.7433442706491,1,-1,-1,-1
86,193,1082.3346597429468,1648.0127387014045,117.25418616769076,269.3396552111597,1,-1,-1,-1
87,193,1097.1929415490536,1649.057353804486,117.70614858660896,270.44197337215746,1,-1,-1,-1
88,193,1112.9459700868304,1650.758902634432,117.47771614750667,270.16987490223164,1,-1,-1,-1
89,193,1127.6184585269725,1651.7649160165179,117.98609138689295,271.61019992742627,1,-1,-1,-1
90,193,1141.4801664361344,1656.8285876137234,117.87462818512564,270.89106085397356,1,-1,-1,-1
91,193,1155.5694601603486,1659.5675800284469,118.17309325417489,271.0968275024482,1,-1,-1,-1
92,193,1169.048728498788,1661.439449637725,118.36408610621602,271.39840131999773,1,-1,-1,-1
93,193,1183.1280107894636,1664.3150388464492,117.87008488997547,269.83628877398917,1,-1,-1,-1
94,193,1197.1288006566676,1667.114209385723,116.95289515927331,267.917653986728,1,-1,-1,-1
95,193,1206.0846921726613,1672.7992162491678,116.47352185007087,266.44338050455957,1,-1,-1,-1
96,193,1216.871806817935,1674.9543377332286,117.0482405181372,267.49257553535807,1,-1,-1,-1
97,193,1228.5846128044502,1677.3123241882226,116.65892236989556,267.0242995422543,1,-1,-1,-1
98,193,1240.7346956301926,1678.7163021701351,116.53894528849361,267.3237330985084,1,-1,-1,-1
99,193,1248.2436065215663,1680.8266297953348,116.22883451831213,266.64620208963163,1,-1,-1,-1
100,193,1258.350770172961,1682.8870923437805,115.41682026539183,265.0009916816306,1,-1,-1,-1
101,193,1264.8914258868394,1683.9692124840003,115.38313061143238,265.33192300443136,1,-1,-1,-1
102,193,1274.0614632990514,1688.7538941795792,114.63690184962128,263.9889993699903,1,-1,-1,-1
103,193,1279.0530709755424,1689.7542838024935,115.59842827069357,266.3036758553026,1,-1,-1,-1
104,193,1288.4247051913962,1691.7318935390724,115.6187644200382,265.3758701233057,1,-1,-1,-1
105,193,1298.9530294963795,1693.3781457793289,115.62588367800383,264.10403712719227,1,-1,-1,-1
106,193,1304.8262581755862,1694.6049632165184,116.19564029085527,265.0014982869215,1,-1,-1,-1
107,193,1313.8346002151864,1696.6855540609495,115.67375907570273,264.0066546380083,1,-1,-1,-1
107,194,1832.6583899590435,1662.2191587079053,55.274415553860855,132.1115413288498,1,-1,-1,-1
108,193,1319.4070611314608,1698.5021998507975,115.1021061011518,263.7174563402132,1,-1,-1,-1
109,193,1327.9113090261044,1703.4503905533957,114.43208551251003,262.25052793621666,1,-1,-1,-1
110,193,1333.5741847308732,1705.6400806107974,114.17651310739747,262.35474590467976,1,-1,-1,-1
111,193,1336.7836029480973,1707.595307283917,113.79041704142743,262.3017493052059,1,-1,-1,-1
112,193,1343.3706506014855,1710.3916736275823,112.87293268154124,261.4240998921166,1,-1,-1,-1
113,193,1348.301578550306,1712.4598358250698,112.18375422759702,261.03482669293425,1,-1,-1,-1
114,193,1351.4872892234357,1714.1969749097452,111.34256604390725,260.6713106301549,1,-1,-1,-1
115,193,1358.3429307928573,1719.5832588381386,110.15762166292994,258.5935611334179,1,-1,-1,-1
116,193,1362.9229160715147,1721.980973857759,109.79831854227614,257.9562417449192,1,-1,-1,-1
117,193,1365.072918888292,1721.1859159142182,111.14148729179674,261.1568806687279,1,-1,-1,-1
118,193,1370.9617036467537,1720.7481921637786,111.43901481451837,261.9911354348358,1,-1,-1,-1
119,193,1374.2098760109413,1721.4457769270548,111.18665199486888,261.43692085428194,1,-1,-1,-1
120,193,1376.4089907360365,1721.26054292861,111.25102997096879,261.8188519989045,1,-1,-1,-1
121,193,1377.9740968231026,1720.9672822353427,111.87911635471201,263.1893193354203,1,-1,-1,-1
122,193,1379.3811505948022,1721.345561831224,112.16202928360072,264.09139339199254,1,-1,-1,-1
123,193,1379.7985745648925,1721.6386733721097,112.69742765507564,265.38363661295597,1,-1,-1,-1
124,193,1384.1974552130234,1722.3148544273054,112.86597904838209,265.6526214310446,1,-1,-1,-1
125,193,1386.280975008894,1723.6235007671107,112.41189190410626,264.0192148857384,1,-1,-1,-1
126,193,1387.1298254306819,1725.316447187325,111.71911093668191,262.00016226635853,1,-1,-1,-1
127,193,1387.6475028004018,1727.084400229221,111.01320681965524,260.36381758301854,1,-1,-1,-1
128,193,1387.6509261252515,1727.980603274349,110.71702381214372,259.60489018773984,1,-1,-1,-1
129,193,1387.8417508745847,1729.3395601440852,110.19164776970545,258.38710085586644,1,-1,-1,-1
130,193,1387.6372614009244,1729.737387297292,110.12748280808566,258.26623768328506,1,-1,-1,-1
131,193,1386.7935791908235,1733.0943743466505,110.46686520661476,259.08218330418333,1,-1,-1,-1
132,193,1387.146401132845,1731.5129362613982,109.79080951418369,257.7512941334008,1,-1,-1,-1
133,193,1382.0280711416067,1730.291933990533,110.20310465524169,259.08508814290667,1,-1,-1,-1
134,193,1379.8188261941382,1729.68876974418,110.30755742461744,259.4278402546418,1,-1,-1,-1
135,193,1378.6504541466434,1728.3105078549133,110.5581409464084,260.09935333890894,1,-1,-1,-1
136,193,1376.99535999652,1726.432209544172,111.12721290850546,261.7304704133799,1,-1,-1,-1
137,193,1376.0910932632494,1724.9803040615177,111.58160112647013,263.18875209460384,1,-1,-1,-1
138,193,1375.6178726485991,1724.6607498506746,111.54244061794357,263.4180507034231,1,-1,-1,-1
139,193,1375.5358241652298,1725.7357204663379,110.89186690784634,262.22799308542983,1,-1,-1,-1
140,193,1375.3680866585478,1725.8122137833518,110.98034533799958,263.3707371813898,1,-1,-1,-1
141,193,1375.4090247779952,1726.3390440342714,110.50634852056216,263.0929680196905,1,-1,-1,-1
142,193,1375.668115399149,1727.5333375710804,109.53689840405816,261.56327108055683,1,-1,-1,-1
143,193,1375.862309774073,1729.1292973867635,108.22670602753271,259.13584088351695,1,-1,-1,-1
144,193,1375.8492002669188,1734.017643256422,106.93672560218538,256.8783618455164,1,-1,-1,-1
145,193,1375.7256239574265,1735.9900412485429,106.43984243653057,256.51973868971453,1,-1,-1,-1
146,193,1375.6897946498596,1736.924774411147,105.95699700081377,256.06282875015205,1,-1,-1,-1
147,193,1375.43888932915,1737.2389951470236,105.78742567926078,256.08762410550355,1,-1,-1,-1
148,193,1375.5213117319913,1736.7514859758837,106.15662113743375,257.32755560556495,1,-1,-1,-1
149,193,1375.599150420062,1736.0248134228175,106.5311134014917,258.44106983904123,1,-1,-1,-1
150,193,1375.8015274545394,1735.9056699338223,106.57049212685871,258.4606837977108,1,-1,-1,-1
151,193,1375.6345161610407,1735.762742248233,106.57375917122287,258.3881704308606,1,-1,-1,-1
152,193,1375.5303059728856,1735.5430261714662,106.68198940516318,258.32146865291526,1,-1,-1,-1
153,193,1376.0027104574358,1732.3839926096798,106.29900321826938,256.98917657944133,1,-1,-1,-1
154,193,1375.9800550266343,1730.8902625532453,106.43041660908536,256.73472117883557,1,-1,-1,-1
155,193,1375.7579352364894,1730.0460293751482,106.8366913521638,257.26165627696713,1,-1,-1,-1
156,193,1375.5653059567853,1729.7535001745282,107.28810253676993,257.82144696455964,1,-1,-1,-1
157,193,1375.013101875954,1733.518518383953,107.37780170690554,257.47020992127693,1,-1,-1,-1
158,193,1374.8021325646014,1735.8491756953752,107.00359076974544,255.90845518304224,1,-1,-1,-1
159,193,1374.2335582077972,1736.3808374321613,107.68491674567542,256.9467629124979,1,-1,-1,-1
160,193,1373.679544619138,1737.018575868185,107.76771227501281,256.8319576798953,1,-1,-1,-1
161,193,1372.858391086869,1737.201793063251,108.42945123756805,257.85102113346227,1,-1,-1,-1
162,193,1372.0562245783776,1737.8759243998093,108.57017836899051,257.71849096438353,1,-1,-1,-1
163,193,1366.4945209250188,1737.5950286013099,109.44199129178936,259.05250998319076,1,-1,-1,-1
164,193,1363.4752123862877,1737.3455223805088,110.02953604549398,259.63013225520166,1,-1,-1,-1
165,193,1361.59687981807,1736.9925306984724,110.41845600286874,260.00323684353253,1,-1,-1,-1
166,193,1360.2799071754882,1737.41245527972,109.94826025435891,258.13672526557394,1,-1,-1,-1
167,193,1359.139542838334,1737.3633078824264,109.6849547342091,256.92649132649325,1,-1,-1,-1
168,193,1358.0996769392664,1737.538093671653,108.89752412621864,254.6398026831688,1,-1,-1,-1
169,193,1352.8815137507393,1734.355830773944,108.40119633974037,253.45349260121193,1,-1,-1,-1
170,193,1349.9031354427527,1732.56862056867,107.94180354494405,252.67498468387564,1,-1,-1,-1
171,193,1347.6441779292525,1731.1392436324334,107.8989245022699,252.94807832694318,1,-1,-1,-1
172,193,1345.0735446691479,1729.9683551586297,107.91400944374294,252.8737786954847,1,-1,-1,-1
173,193,1338.5528903649583,1728.3535110007124,108.83093350943355,254.46388394666212,1,-1,-1,-1
174,193,1335.0461592390336,1728.358519561465,108.33115281646452,252.4045473785532,1,-1,-1,-1
175,193,1331.1822026634782,1728.2771867007714,108.16382040420498,251.55562058915365,1,-1,-1,-1
176,193,1323.3018272577765,1727.9355900305115,108.66743682634927,252.61789263896432,1,-1,-1,-1
177,193,1318.4543820395506,1727.7325543299696,108.77795448806488,252.59494596687844,1,-1,-1,-1
178,193,1310.305401620701,1728.004946063307,108.87380667049315,251.82103877031076,1,-1,-1,-1
179,193,1305.4635043525857,1727.0687394534627,109.51698559586922,252.43795304819562,1,-1,-1,-1
180,193,1302.4307181333263,1727.3624360256354,108.70820805799234,250.14048478824967,1,-1,-1,-1
181,193,1294.3880280545238,1725.1232674716941,109.43180042218314,251.937151014117,1,-1,-1,-1
182,193,1288.7334317125215,1723.8663483109233,110.01627363083776,252.83384457308568,1,-1,-1,-1
183,193,1281.0095734684796,1719.5061707027492,110.30898985914693,253.20861557627455,1,-1,-1,-1
184,193,1276.0236801527244,1716.5681073197939,110.70916901366762,254.00075221215016,1,-1,-1,-1
185,193,1271.3308837223576,1713.255688863478,111.28691362696084,255.05209175495142,1,-1,-1,-1
186,193,1262.5850130382514,1709.7037450156276,112.37609050020264,257.19757837836306,1,-1,-1,-1
187,193,1256.6010151365826,1708.1188658361273,112.12526732653788,256.90594478854524,1,-1,-1,-1
188,193,1248.7814798900067,1703.4641478308383,111.99879878857567,256.34057944549653,1,-1,-1,-1
189,193,1244.0253070070232,1703.0380908501675,109.96388144886438,251.46924703724673,1,-1,-1,-1
190,193,1235.2847389685403,1700.8822930561132,110.0509472776851,251.35901735954326,1,-1,-1,-1
191,193,1224.3031496705396,1698.3864372797173,111.03385173786995,252.6125663895606,1,-1,-1,-1
192,193,1218.2026031764676,1696.3008437499898,111.01469390699548,251.99317993477953,1,-1,-1,-1
193,193,1214.7581646692176,1693.0631076261313,109.24032467420466,248.46144000671757,1,-1,-1,-1
194,193,1206.2102633522516,1689.5211701442865,110.16855717714817,250.6648672818407,1,-1,-1,-1
195,193,1200.9815868925534,1688.3097847816264,109.67601042639573,249.68349461184795,1,-1,-1,-1
196,193,1191.5300807138915,1684.789287048938,111.30963898345857,252.80269477023006,1,-1,-1,-1
197,193,1185.723150300219,1681.610719273264,111.65167519016973,253.34900369053187,1,-1,-1,-1
198,193,1178.411104506181,1677.1711929145044,110.89423559624204,251.6764169941075,1,-1,-1,-1
199,193,1173.304895046077,1673.6916544190049,110.45123450701992,250.36934494923287,1,-1,-1,-1
200,193,1165.5155743796352,1670.809026333445,110.17292283633503,248.4066158519049,1,-1,-1,-1
201,193,1160.907405442041,1665.2387382229003,109.83456048254666,247.15781731526928,1,-1,-1,-1
202,193,1157.8959186970483,1662.2997800448663,109.0722378446949,245.32773225417108,1,-1,-1,-1
203,193,1150.6706573813726,1657.6434203310582,110.38307270035666,248.47837154244775,1,-1,-1,-1
204,193,1146.1478039886988,1653.7665554924479,111.15604397056045,250.42082178559158,1,-1,-1,-1
205,193,1143.5670471041185,1649.1113070183546,110.17730401974762,248.74320045448724,1,-1,-1,-1
206,193,1136.562072132625,1645.1373626758768,110.37664681692536,248.92559595580792,1,-1,-1,-1
207,193,1133.347020593276,1642.6615335023398,109.46771500273104,246.29160780752457,1,-1,-1,-1
208,193,1131.4146269415967,1639.036662744586,107.26395682888747,241.76209367982543,1,-1,-1,-1
209,193,1125.1868189572529,1636.0775206862097,107.26946129187733,241.79249430047406,1,-1,-1,-1
210,193,1121.3956428522556,1633.322679296873,107.37903688106067,241.84831793658867,1,-1,-1,-1
211,193,1118.650922335259,1629.1134792577488,108.55782450903718,244.12356517020334,1,-1,-1,-1
212,193,1117.141009809442,1622.819862241261,109.23716088776338,245.995723590401,1,-1,-1,-1
213,193,1116.223526946583,1619.1107747448289,109.87711969862012,247.41006996746583,1,-1,-1,-1
214,193,1115.9307554218092,1615.739167462035,109.93381576578373,247.11492468080723,1,-1,-1,-1
215,193,1115.8124535870963,1612.938521727243,109.89304360256416,246.7357335303278,1,-1,-1,-1
216,193,1116.6086842265008,1607.5386942355838,109.66656730691545,246.27869139486018,1,-1,-1,-1
217,193,1116.497310829009,1603.0042376373517,110.12230689924692,247.4887997596627,1,-1,-1,-1
218,193,1116.2140464189513,1598.4340838750156,110.60399076557756,248.98267802210157,1,-1,-1,-1
219,193,1117.5068710775117,1592.5496857285048,110.72733643689423,249.75228996746716,1,-1,-1,-1
220,193,1119.131091561709,1588.849239310907,110.5023418395803,249.71331469013137,1,-1,-1,-1
221,193,1120.3875655882207,1585.735737217977,110.2198483504369,249.38336506386477,1,-1,-1,-1
222,193,1121.9547250819694,1583.7185885968015,109.351952611708,247.85484760466272,1,-1,-1,-1
223,193,1128.0590532590686,1579.701483012722,107.91048834360281,244.70350780329102,1,-1,-1,-1
224,193,1131.4065715834079,1576.95636220457,107.72965197430679,244.1111754199821,1,-1,-1,-1
225,193,1133.565856147144,1573.7501431638852,107.77884377013882,244.3703861439004,1,-1,-1,-1
226,193,1135.8514954305338,1571.1774271342936,107.29896841403604,243.55875983675838,1,-1,-1,-1
227,193,1142.5940037671953,1565.7212508885955,107.11421775846755,243.37057216129244,1,-1,-1,-1
228,193,1146.8824627457154,1562.0950301527441,106.87018051241496,243.19238326285486,1,-1,-1,-1
229,193,1150.9383217635072,1560.2538240132615,105.43013232343532,240.23294927218268,1,-1,-1,-1
230,193,1153.4932688821207,1558.4304908840072,105.29908066127781,240.11409041506792,1,-1,-1,-1
231,193,1160.7573590927968,1554.3055596286522,104.36344561529272,238.3304539018749,1,-1,-1,-1
232,193,1164.905105425785,1552.1960584107596,103.85384094398037,237.06177169904845,1,-1,-1,-1
233,193,1167.6355036880063,1550.3660178977987,103.99910608088238,237.55566237928622,1,-1,-1,-1
234,193,1173.7359063936349,1548.4796998140189,103.50002027602994,236.66683023127638,1,-1,-1,-1
235,193,1176.669052574493,1546.9829519761636,103.11252461905265,236.06354368725553,1,-1,-1,-1
236,193,1178.7256542675395,1545.8877401965633,102.98977616192728,236.5559327302825,1,-1,-1,-1
237,193,1180.7696642847027,1541.820165046458,102.99961247157263,237.4277527589549,1,-1,-1,-1
238,193,1182.421934723865,1540.5240579722763,102.25777472433755,236.62933919380126,1,-1,-1,-1
239,193,1183.627727725933,1540.3232422310102,101.22951205093564,235.06051749076636,1,-1,-1,-1
240,193,1184.1890767844152,1539.5971146246075,100.73034043707548,234.569111659915,1,-1,-1,-1
241,193,1183.8857213367876,1538.3117277982074,101.04771319601349,235.79348840750862,1,-1,-1,-1
242,193,1183.5943988692734,1537.372514100607,101.09259652740515,236.17521935881814,1,-1,-1,-1
243,193,1182.713703003227,1536.6224116176322,100.97980779530752,236.05357064436814,1,-1,-1,-1
244,193,1181.9572959863228,1536.7493510347683,100.23924062673076,234.3785140837905,1,-1,-1,-1
245,193,1180.4409270088177,1536.6187122054505,99.93777283228529,233.7036660579439,1,-1,-1,-1
246,193,1178.7973018672817,1536.4307363897656,99.99409232688465,233.77308160553716,1,-1,-1,-1
247,193,1172.9725052991964,1535.7249732949397,101.07931344916052,236.0634283105715,1,-1,-1,-1
248,193,1169.3538064798913,1535.4944019500692,101.81106828687712,237.4398166879195,1,-1,-1,-1
249,193,1166.4770971864605,1535.8055594955647,102.1408755465199,237.54770131317318,1,-1,-1,-1
250,193,1162.837849845937,1535.3877328066533,103.55009304151376,240.82559071742753,1,-1,-1,-1
251,193,1155.789749834448,1536.0216144864935,104.23280595106029,242.57175304307228,1,-1,-1,-1
252,193,1151.0967119333025,1537.064714127926,104.19991677170168,242.29276017712345,1,-1,-1,-1
253,193,1143.1913217165293,1542.4565959711847,103.68679529303807,240.67305517360649,1,-1,-1,-1
254,193,1137.9817827765341,1546.543423963165,102.83136498545242,238.30032557851783,1,-1,-1,-1
255,193,1133.393716382399,1548.7729625165414,103.44156965577191,239.54639830713532,1,-1,-1,-1
256,193,1124.336327780701,1549.7488026353253,104.31538070967969,241.24611290264318,1,-1,-1,-1
257,193,1114.0476329899739,1551.9039794674354,104.51697126553987,241.68204279536877,1,-1,-1,-1
258,193,1106.6973734199591,1556.5176572982532,104.74357447780415,242.18746884486802,1,-1,-1,-1
259,193,1096.9308990436436,1559.6411605460873,105.0256371052427,242.86161382252828,1,-1,-1,-1
260,193,1085.1030642844617,1561.7141223422295,105.62488335458693,243.90725966140397,1,-1,-1,-1
261,193,1077.2530785907932,1563.8461106081547,106.0695686495107,244.6960046387759,1,-1,-1,-1
262,193,1066.8875460309694,1569.8758247784717,105.85777887680375,244.1945260955021,1,-1,-1,-1
263,193,1055.4082821490658,1573.8750692908181,105.65049313751373,243.36199899653317,1,-1,-1,-1
264,193,1047.6477198540877,1577.772560268832,105.00958920666739,241.39112423415622,1,-1,-1,-1
265,193,1037.0754242843443,1581.1345574047928,105.14482512113622,241.2835203219945,1,-1,-1,-1
266,193,1025.8803389900572,1587.7106289642752,105.10039873288821,240.33202496365465,1,-1,-1,-1
267,193,1013.1897100838848,1591.5272728636266,106.58458484542138,243.68596165206506,1,-1,-1,-1
268,193,1004.5771403231997,1599.3930838745764,105.69249217052639,241.65866536020266,1,-1,-1,-1
269,193,993.2443000759437,1605.218234851165,105.56177615220733,241.00327252475287,1,-1,-1,-1
270,193,981.7648974129824,1608.7680635470974,105.92542284903107,242.0745037827162,1,-1,-1,-1
271,193,968.8801538540421,1614.8213257736036,106.20589303742639,242.68159799286335,1,-1,-1,-1
272,193,955.2933784031871,1620.3590894209437,106.3362397556905,243.11598078481825,1,-1,-1,-1
273,193,941.1202911325591,1627.2901150383013,106.39758712491856,243.49766679238803,1,-1,-1,-1
274,193,932.8977520583742,1633.0795173003414,105.55840994532572,241.2467984799028,1,-1,-1,-1
275,193,921.7518066818274,1636.4971537854617,106.48893066979825,243.30415185223995,1,-1,-1,-1
276,193,909.5800476559856,1642.2076217413223,106.97959825802647,243.7275316153624,1,-1,-1,-1
277,193,902.0480035481477,1645.8737848628616,106.85933776096041,242.5755520270831,1,-1,-1,-1
278,193,891.4316770375017,1646.7542420041366,109.39541509102898,247.49713233683406,1,-1,-1,-1
279,193,879.3873844788388,1646.8903769957076,111.96576574319494,252.37763561042883,1,-1,-1,-1
280,193,872.5390878548671,1648.4970022650054,111.9857050467932,251.87489807945582,1,-1,-1,-1
281,193,862.5823895345203,1652.8166828378703,112.75748509463806,253.285273988332,1,-1,-1,-1
282,193,856.3494340769142,1656.0308562154914,113.38844522211465,253.89959446101867,1,-1,-1,-1
283,193,849.2191705299623,1660.7359146188046,113.08201603041994,252.19335602697745,1,-1,-1,-1
284,193,845.1141644067371,1662.7599962298823,113.51921968207483,252.30974841038136,1,-1,-1,-1
285,193,841.5369723973425,1667.5934857644697,114.28704779469278,252.4562692626589,1,-1,-1,-1
286,193,839.9704040836289,1672.0972704897142,114.32125505573774,251.1608202139423,1,-1,-1,-1
287,193,839.64910695353,1675.6825541706144,114.5478370575036,250.31950429286664,1,-1,-1,-1
288,193,839.6391987280264,1676.8830377396953,115.33024415040968,251.9930368641892,1,-1,-1,-1
289,193,839.543835077004,1680.8642998958749,115.69817470885782,252.74773174786222,1,-1,-1,-1
290,193,840.2575697283685,1683.1472966609122,115.5362989721178,252.6405245393773,1,-1,-1,-1
291,193,842.7634042700747,1685.2649924313205,115.10551137906089,252.23100499594884,1,-1,-1,-1
292,193,845.2625199659368,1686.5199535478232,115.04651066046176,252.20095073234617,1,-1,-1,-1
293,193,852.3077633930453,1687.5485186569997,114.57950259096226,251.53733932858168,1,-1,-1,-1
294,193,858.0028637091981,1686.8217178058285,114.90889493604165,252.95604204511318,1,-1,-1,-1
295,193,866.5725281781936,1686.3906843829516,114.21639552059256,251.6913355023486,1,-1,-1,-1
296,193,873.8623690213669,1686.0736963250836,113.6165298913237,250.24281384185534,1,-1,-1,-1
297,193,884.6740401476859,1686.3544122745466,112.63068907724853,247.82066086774944,1,-1,-1,-1
298,193,897.515815719424,1685.2526940261637,112.79208742220592,247.69737904183575,1,-1,-1,-1
299,193,911.5080106506525,1685.1368952563257,112.12117022160925,246.57085620700695,1,-1,-1,-1
300,193,926.9645307545867,1681.7447793387555,111.31951609463059,245.3829017790401,1,-1,-1,-1
301,193,942.211652295319,1680.4402647773263,111.01356352701522,245.3025456308857,1,-1,-1,-1
302,193,958.2271821854134,1680.3535541874464,110.32873839866507,244.23071822455523,1,-1,-1,-1
303,193,973.7676997303777,1679.6862756933954,110.06324320162368,244.96027278860967,1,-1,-1,-1
304,193,990.1827005212972,1680.28176424375,108.40919924391258,241.89376221972205,1,-1,-1,-1
305,193,1005.073533151275,1678.8308048474944,108.60454323053844,243.12607220621223,1,-1,-1,-1
306,193,1020.9276120581668,1678.0363585254047,108.09801901576134,242.30361880045737,1,-1,-1,-1
307,193,1041.6317425687207,1678.3602154881478,105.6067620013314,236.93129361032075,1,-1,-1,-1
308,193,1060.2494731733993,1676.6358685794569,105.38395076097916,236.64794228481153,1,-1,-1,-1
309,193,1077.168744554661,1672.0739536493732,105.14524358037337,236.1945405820028,1,-1,-1,-1
310,193,1093.9352892405607,1668.7106878736342,105.7314729899087,237.7652837834004,1,-1,-1,-1
311,193,1114.4560593002907,1666.145987664146,106.02833776003432,237.96582238578344,1,-1,-1,-1
312,193,1132.384778722246,1663.5275363390558,105.83796439100189,237.11242641079352,1,-1,-1,-1
313,193,1148.5507559570622,1660.5484183038077,106.43467275216679,238.38383678205565,1,-1,-1,-1
314,193,1164.8454931490924,1654.6157338066714,106.93847133320112,239.6869348243241,1,-1,-1,-1
315,193,1185.6701912647904,1651.0797965973447,106.74957004096343,239.08605611990717,1,-1,-1,-1
316,193,1203.334302996771,1648.7031740899595,106.4710857450733,238.7936146344692,1,-1,-1,-1
317,193,1220.4004806798876,1648.5354352880577,104.87047010978849,235.30976407411032,1,-1,-1,-1
318,193,1237.3089103805607,1648.821935214967,103.89869916084828,233.4671007000814,1,-1,-1,-1
319,193,1253.1108754124652,1649.0733432105687,102.98002733105817,231.23138307389155,1,-1,-1,-1
320,193,1273.9855073146643,1646.2600538126078,101.29735752778387,228.04353888516485,1,-1,-1,-1
321,193,1291.1326103538343,1646.2467719999352,99.66913559689726,224.7630906625103,1,-1,-1,-1
322,193,1307.1410441627781,1644.6955053686308,99.68831936443902,224.89871816970134,1,-1,-1,-1
323,193,1321.5982213875334,1642.172610694774,100.52907936754274,227.18870434957384,1,-1,-1,-1
324,193,1336.4080997037695,1640.211860353148,100.5238170417921,227.50226587292912,1,-1,-1,-1
325,193,1350.4647766450266,1639.1957077065351,100.1594115725938,227.3326624971957,1,-1,-1,-1
326,193,1364.524294023546,1637.3559207235467,100.44484869324127,228.26534447220365,1,-1,-1,-1
327,193,1378.972518943158,1633.1334035408488,99.35951875446682,226.33480516006367,1,-1,-1,-1
328,193,1393.1037405727805,1631.2762965067245,98.54556957328116,224.4400707515244,1,-1,-1,-1
329,193,1402.3021011669414,1628.5438262027535,98.6150756127619,224.66179991879105,1,-1,-1,-1
330,193,1414.3325474006597,1625.9481398384764,98.59954333515118,225.3013683560213,1,-1,-1,-1
331,193,1427.3821483776528,1624.3501258964761,98.21699897343542,224.8163156202896,1,-1,-1,-1
332,193,1440.6973657934204,1619.9304641423132,97.6417645508528,224.450607961159,1,-1,-1,-1
333,193,1453.0533771781636,1618.2463601265554,97.0301103656322,223.39977514632793,1,-1,-1,-1
334,193,1465.1396154186345,1619.3129637608174,95.080740889735,219.07326071161705,1,-1,-1,-1
335,193,1473.2917527699374,1618.823842851913,94.99561566087277,219.46215908178405,1,-1,-1,-1
336,193,1482.0252316951376,1618.0547074237534,94.89163339446897,219.23796136155292,1,-1,-1,-1
337,193,1488.2444948479024,1616.9529947357014,95.17297840465675,220.18689018671367,1,-1,-1,-1
338,193,1495.5546092405484,1616.2729237134358,94.56949221106642,219.27580086961663,1,-1,-1,-1
339,193,1501.6811412247746,1614.0550961348788,94.75950354046145,220.43083337393927,1,-1,-1,-1
340,193,1509.0225702880323,1613.2014626013815,94.10394918864264,218.9114040372991,1,-1,-1,-1
341,193,1513.808803760213,1612.7378527984486,93.71265147268684,218.07438921400026,1,-1,-1,-1
342,193,1517.6086604703585,1608.819923742609,93.51821922134583,218.1145804893401,1,-1,-1,-1
343,193,1523.6803148502106,1606.937752821622,92.78568211664887,216.84678871645494,1,-1,-1,-1
344,193,1526.0529577170344,1603.3162270668254,93.56149922264322,218.86794992376414,1,-1,-1,-1
345,193,1527.4407554229956,1598.868397396942,95.10879759514346,222.6723188715532,1,-1,-1,-1
346,193,1528.7428026791458,1596.7666113233206,95.05341518879003,222.61778201262248,1,-1,-1,-1
347,193,1529.6691053061415,1592.5807339883252,94.65409853674055,221.58802203754377,1,-1,-1,-1
348,193,1529.6854382915483,1590.0617851868067,94.44619800280391,221.0132909161556,1,-1,-1,-1
349,193,1529.648604295685,1587.0181871149607,94.6664345535867,221.12604361779233,1,-1,-1,-1
350,193,1528.5955780725278,1584.399097487315,94.9265889057363,221.484493179237,1,-1,-1,-1
351,193,1527.6898851536828,1583.4247191883755,94.59988177313207,220.5272491950782,1,-1,-1,-1
352,193,1527.2105374211956,1579.445021055797,94.47572799094299,219.8624145744668,1,-1,-1,-1
353,193,1526.8625614828456,1578.3445410181134,93.78361884223341,218.02522667336856,1,-1,-1,-1
354,193,1526.3325787777035,1577.8278438562502,93.00627774802653,216.28702643243957,1,-1,-1,-1
355,193,1525.3779859599465,1576.2276242852197,92.46598181293884,215.34089437716386,1,-1,-1,-1
356,193,1524.282088076944,1574.4233954419224,91.79472280811476,213.85911991290686,1,-1,-1,-1
357,193,1524.0998961108523,1569.9240661863455,91.06779996081154,211.9686109523277,1,-1,-1,-1
358,193,1519.44590613029,1566.910901648977,91.18016272407395,211.55672483255714,1,-1,-1,-1
359,193,1516.3961094678323,1563.0476669158252,92.28562603413761,213.51967289388054,1,-1,-1,-1
360,193,1515.0811745712945,1559.6489715941555,92.29721218247903,213.04794002356113,1,-1,-1,-1
361,193,1514.3913168567076,1553.6400992630947,92.68163241921276,213.44615285822243,1,-1,-1,-1
362,193,1514.0005373593974,1549.4122604544307,92.83826558704682,213.30082429212763,1,-1,-1,-1
363,193,1513.923969261782,1545.93891934909,92.47467202692616,212.27985601861909,1,-1,-1,-1
364,193,1514.3062740325024,1540.6387657962766,92.17821196984191,211.78229178919935,1,-1,-1,-1
365,193,1515.642369112873,1537.8923993481699,91.22450378087038,210.0042377808285,1,-1,-1,-1
366,193,1516.5470626045308,1534.9658332009913,90.47204842866694,208.46434454686934,1,-1,-1,-1
367,193,1517.2723617508482,1532.8506115049918,89.60647803243832,206.97160396458867,1,-1,-1,-1
368,193,1521.4096921191458,1527.59725032924,89.59643007231249,207.51595548733235,1,-1,-1,-1
369,193,1523.306876261431,1524.846759003448,89.45789973527936,207.69385298780006,1,-1,-1,-1
370,193,1524.42172307808,1521.7919212251481,89.49764328589468,208.4666287823532,1,-1,-1,-1
371,193,1525.7123344835534,1518.8186901361112,89.32649783099698,208.896110983962,1,-1,-1,-1
372,193,1527.5592403593412,1517.9424529480968,88.23155201165989,207.15558507939437,1,-1,-1,-1
373,193,1529.1203022715786,1513.5453594960263,87.7458038097136,206.52151045770856,1,-1,-1,-1
374,193,1530.7255995229102,1510.2272149176044,87.45559723675998,206.35535199033853,1,-1,-1,-1
375,193,1531.6656337232466,1506.0782648831942,87.66263726213121,206.94769461225428,1,-1,-1,-1
376,193,1536.702313482554,1501.1539452474422,87.07680855692762,205.76983372271275,1,-1,-1,-1
377,193,1538.399884208624,1497.303429701205,87.74281364401001,207.15124989238726,1,-1,-1,-1
378,193,1539.7031020992235,1494.0449136749019,88.03629870787043,207.44342215691447,1,-1,-1,-1
379,193,1540.2329042170088,1491.0465258821255,88.76435491486312,208.7961616734636,1,-1,-1,-1
380,193,1541.5416654008827,1485.249452758768,89.20288265658778,209.513120920045,1,-1,-1,-1
381,193,1542.902177903606,1483.5029952759878,88.80615427409572,208.07542509327152,1,-1,-1,-1
382,193,1543.9237836626505,1481.631559063268,89.2687731273206,208.44988349410397,1,-1,-1,-1
383,193,1544.9486615549445,1479.3811593402813,89.48434299608286,208.31075244941562,1,-1,-1,-1
384,193,1546.4206793713279,1478.5498021078329,88.76461196452388,206.46999701327115,1,-1,-1,-1
385,193,1551.363315911251,1477.3492419395793,88.65785315560434,205.91824700615686,1,-1,-1,-1
386,193,1554.9970707146815,1476.5710085010608,88.73834431423512,206.12261315799176,1,-1,-1,-1
387,193,1557.5820369748756,1476.1837678142183,88.78970169019838,206.00428118216027,1,-1,-1,-1
388,193,1559.7121352806696,1475.7863935952648,88.7283137739005,205.7552710463565,1,-1,-1,-1
389,193,1565.1594472601867,1472.45668129008,88.81780009537411,205.841990549626,1,-1,-1,-1
390,193,1568.4478080461636,1471.0670323202396,88.99084217598339,206.02331446587644,1,-1,-1,-1
391,193,1570.9704863856205,1469.934412241499,89.76678974297462,207.48083389889266,1,-1,-1,-1
392,193,1573.300201649546,1468.8969290737223,90.35001647371244,208.37998821627275,1,-1,-1,-1
393,193,1579.217063144693,1468.0667483262403,89.8063432560132,207.11674943105655,1,-1,-1,-1
394,193,1583.5800247961072,1467.2936567909258,89.43805963529151,206.61058563515104,1,-1,-1,-1
395,193,1586.7457555514727,1467.016998751393,89.47551046840798,206.75229611907397,1,-1,-1,-1
396,193,1592.9086223554868,1466.5678099119127,89.63660236991693,206.97464798855336,1,-1,-1,-1
397,193,1596.7666492496107,1465.9283526546155,90.38115367007225,208.346888570992,1,-1,-1,-1
398,193,1600.565744478627,1466.213095789633,90.52772108778012,208.73107711646094,1,-1,-1,-1
399,193,1607.2522239854372,1467.23436749919,89.7758900647685,206.90652857294927,1,-1,-1,-1
400,193,1611.9481434647428,1468.1153943053491,89.06391281637538,205.32717312149276,1,-1,-1,-1
401,193,1616.067883961867,1469.3303683114516,88.54951722895746,204.30951793826088,1,-1,-1,-1
402,193,1622.3143463020815,1471.3208212654442,87.77714408476136,202.6693273886441,1,-1,-1,-1
403,193,1625.7987675536149,1472.4255417229442,88.05826447960418,203.34160297780977,1,-1,-1,-1
404,193,1628.987907936744,1476.9629770747022,87.76657751498985,202.57040040268564,1,-1,-1,-1
405,193,1632.0055557115936,1481.502720445369,86.92486109156178,200.56361022658837,1,-1,-1,-1
406,193,1633.1393888714292,1483.0671720403977,87.7467623459332,202.54398441980612,1,-1,-1,-1
407,193,1638.0007242293882,1484.9171147821853,87.47099380477624,202.25630394621666,1,-1,-1,-1
408,193,1640.7145401788553,1484.8473177663575,88.42749157352077,204.80276263522427,1,-1,-1,-1
409,193,1642.0350758843563,1484.3960816470326,89.3641659992641,207.56300025315792,1,-1,-1,-1
410,193,1643.187007882632,1484.595348949264,89.68088854455716,208.8891938324167,1,-1,-1,-1
411,193,1644.0072966020239,1488.996087031646,89.48776909985844,208.5547365687133,1,-1,-1,-1
412,193,1644.1165143464586,1492.4945035073627,89.34251798102133,208.1661843413851,1,-1,-1,-1
413,193,1644.0331472960686,1495.280828113347,88.97140218463066,207.23158319592838,1,-1,-1,-1
414,193,1643.548982379634,1498.2828068248846,88.09652507883501,205.31049016246692,1,-1,-1,-1
415,193,1642.697744279907,1499.9792601666402,88.13338533113078,205.47626382317242,1,-1,-1,-1
416,193,1641.5404164586062,1505.0439269782494,87.70998778073923,204.2025438573677,1,-1,-1,-1
417,193,1640.1665764239751,1507.6686185698834,87.59986539897888,203.83566537252764,1,-1,-1,-1
418,193,1634.9724750034532,1510.155070889393,87.92579375835764,204.01631572075544,1,-1,-1,-1
419,193,1632.1043724438855,1513.8109883164298,87.7059979879618,202.8393278741467,1,-1,-1,-1
420,193,1629.6796139129135,1515.6177701768186,88.25190730727653,203.75937404611017,1,-1,-1,-1
421,193,1627.2498629333413,1520.7605111129992,87.92845870816471,202.6530464171263,1,-1,-1,-1
422,193,1624.500210533812,1523.1525795901275,88.36135548514545,203.56018523566337,1,-1,-1,-1
423,193,1618.5911101765626,1525.0526206971763,89.51759119494396,206.02659593650378,1,-1,-1,-1
424,193,1615.1576648963244,1527.0710128398719,89.75141979378607,206.5434469712158,1,-1,-1,-1
425,193,1612.3266273925938,1528.6511311936965,89.45272189958352,205.8916131118046,1,-1,-1,-1
426,193,1609.6779785083527,1529.6260181088921,89.18483154181104,205.36048642986924,1,-1,-1,-1
427,193,1604.6187365449039,1534.9203418245284,88.4705289987088,203.54498308838185,1,-1,-1,-1
428,193,1601.6484863596856,1537.832287566863,88.38135133317964,203.11482047315243,1,-1,-1,-1
429,193,1598.5719541185113,1539.9489819328599,88.33401556865354,203.13932871626022,1,-1,-1,-1
430,193,1595.2889092919204,1541.0189079112656,89.07998761464933,205.16752509205816,1,-1,-1,-1
431,193,1589.7657802387937,1541.9925759228054,89.23955080286525,206.40748364902717,1,-1,-1,-1
432,193,1586.8605067397737,1543.6388068953981,88.35657706692321,205.23025599996424,1,-1,-1,-1
433,193,1583.9818312488976,1544.9937517981616,87.47854272953516,204.14855684210806,1,-1,-1,-1
434,193,1581.2801240200936,1548.6104873564,86.66732579545587,202.98252401140087,1,-1,-1,-1
435,193,1576.704235069102,1551.8243539744035,85.45601875822351,200.97158580352186,1,-1,-1,-1
436,193,1574.1735914337314,1554.190014672419,85.07916287457321,200.7436250417037,1,-1,-1,-1
437,193,1571.1127442231275,1554.691431255285,85.64924533760248,202.53793772110956,1,-1,-1,-1
438,193,1568.7834671644334,1555.3805755059896,85.7021952216749,202.95054057456613,1,-1,-1,-1
439,193,1562.706821706701,1554.8300941821697,87.00242031891882,206.43197335433035,1,-1,-1,-1
440,193,1559.6555969149267,1554.5618351562737,87.59986716819787,208.08635514426993,1,-1,-1,-1
441,193,1556.8207526223748,1554.489414895476,87.5395552874268,208.06960429057483,1,-1,-1,-1
442,193,1554.0864858642333,1554.9967265487014,86.69727546610987,206.23274996724075,1,-1,-1,-1
443,193,1548.4457166110553,1554.7875180186834,86.72129069759576,205.92808646830892,1,-1,-1,-1
444,193,1544.8874313092863,1554.2047298725165,86.94339753805794,205.67272619118333,1,-1,-1,-1
445,193,1541.5496890577235,1552.4492851931586,87.80252298655843,207.23971980052713,1,-1,-1,-1
446,193,1538.4652945033388,1550.899058626482,88.04500664007259,207.62338731632585,1,-1,-1,-1
447,193,1532.619357402508,1548.7572629146914,88.20119982832799,207.75272521695825,1,-1,-1,-1
448,193,1529.5413930250763,1544.0797369026616,88.70791811873347,208.81034528825225,1,-1,-1,-1
449,193,1527.0243402902145,1542.5379230626172,88.2751404516311,207.63915577248125,1,-1,-1,-1
450,193,1524.9796747695857,1541.4140327693024,87.23160480435627,205.28619591541514,1,-1,-1,-1
451,193,1523.4317707328457,1538.7123336001112,87.10352205428386,205.05543700386843,1,-1,-1,-1
452,193,1518.1850003899197,1536.7867561218254,87.51932492016778,205.30804977099967,1,-1,-1,-1
453,193,1515.2381854751088,1535.3826516586153,87.25504279649292,203.8303570462004,1,-1,-1,-1
454,193,1513.149852955496,1530.335168404299,87.81607338336097,204.51220082520493,1,-1,-1,-1
455,193,1511.5227463590775,1526.924143850321,87.8096888593055,204.09203041452406,1,-1,-1,-1
456,193,1509.9056733085242,1522.1348186432483,88.70816829419456,205.70997499401085,1,-1,-1,-1
457,193,1508.7798894940067,1515.393762809114,89.33247173956356,207.00373373911543,1,-1,-1,-1
458,193,1509.130962274789,1512.6443087032014,88.23600835522998,204.42098956803176,1,-1,-1,-1
459,193,1509.251484386739,1509.6533304093625,87.72131159851813,203.08993315792503,1,-1,-1,-1
460,193,1509.8391752462471,1502.6519027659174,88.20892594973074,204.1296726181626,1,-1,-1,-1
461,193,1511.0780245219175,1498.958895279406,87.90119369240736,203.17558378834516,1,-1,-1,-1
462,193,1512.7400200645552,1496.0411714126199,87.57019658230696,202.20700203283047,1,-1,-1,-1
463,193,1514.5052857668902,1493.315605380335,87.23159212729365,201.45631323438374,1,-1,-1,-1
464,193,1515.8104735885418,1487.9216728388842,87.33802128393451,201.84956401788438,1,-1,-1,-1
465,193,1518.009735031603,1485.7977069559352,85.52603605432529,198.02527889625583,1,-1,-1,-1
466,193,1522.6539049053351,1481.338016524751,85.48331172799611,198.24908411868302,1,-1,-1,-1
467,193,1526.733910319859,1475.7115046477115,85.50755109470134,198.60183574990154,1,-1,-1,-1
468,193,1530.656331626039,1470.6620523674653,85.67197423511024,199.62368312191066,1,-1,-1,-1
469,193,1536.2667794411932,1465.0820093497357,86.58711624214685,201.70676523364116,1,-1,-1,-1
470,193,1541.605339554294,1459.6259152774037,86.18639839071804,200.65399703811815,1,-1,-1,-1
471,193,1546.254784569983,1456.5836782189515,85.23937267726203,198.51121144412326,1,-1,-1,-1
472,193,1552.8589922119595,1452.482662123506,84.8856131309159,197.99774661647916,1,-1,-1,-1
473,193,1558.9598550207108,1446.234663700698,85.39091257284818,199.38175397918877,1,-1,-1,-1
474,193,1566.7490832149451,1443.0837832069071,84.1141101162668,196.59289701660884,1,-1,-1,-1
475,193,1572.2742044328234,1438.785923763991,84.54142065497312,197.59285480365702,1,-1,-1,-1
476,193,1576.2692666484375,1432.6159884235535,84.93808508263427,198.91197673239418,1,-1,-1,-1
477,193,1583.8952022840083,1429.4890110485942,83.93418483760915,196.8827822025246,1,-1,-1,-1
478,193,1589.2242087577895,1426.1569471685218,84.14803104078314,197.47303098576327,1,-1,-1,-1
479,193,1596.1783257295688,1419.7646127829091,84.49424528583599,197.90053361581028,1,-1,-1,-1
480,193,1601.882707918036,1416.9561430921299,84.07750860770922,196.26807509903364,1,-1,-1,-1
481,193,1609.279211580127,1413.1863532738191,84.4126874341602,196.82530684930782,1,-1,-1,-1
482,193,1615.4682049832447,1410.990413509498,83.81730808277852,195.4829769882739,1,-1,-1,-1
483,193,1619.900338435971,1405.1597480570542,84.31730830235787,196.609742832467,1,-1,-1,-1
484,193,1627.4725519472508,1402.817408861156,83.66598479576606,194.67146370699263,1,-1,-1,-1
485,193,1633.3316301408133,1401.8092159722407,82.57506675016042,191.58188999462283,1,-1,-1,-1
486,193,1639.603018005518,1398.3284369273053,83.63531825924025,193.95781797959447,1,-1,-1,-1
487,193,1645.4981206665107,1396.904717488181,83.43129830849564,193.49980414671026,1,-1,-1,-1
488,193,1652.4714816941926,1390.098106904555,85.04072679056044,197.42962678056296,1,-1,-1,-1
489,193,1656.913522549055,1386.8142624561926,85.34435898338381,197.67795526690858,1,-1,-1,-1
490,193,1661.9305462403793,1385.6210257227256,84.76989611678788,195.98421422000246,1,-1,-1,-1
491,193,1669.5469773283608,1384.0773377241367,84.52422567209372,195.41891191835157,1,-1,-1,-1
492,193,1676.0693401706976,1383.8453424447805,83.35876480378946,193.2488056132846,1,-1,-1,-1
493,193,1682.9666579092516,1382.052933695263,83.76618250379842,194.42312721932174,1,-1,-1,-1
494,193,1689.7568863120898,1383.3750513650505,82.05005861732003,190.93607805833443,1,-1,-1,-1
495,193,1697.3644051844105,1379.3103469768753,82.59267487132726,192.63815271595172,1,-1,-1,-1
496,193,1703.3796657996043,1377.5835242731198,82.29909783420304,192.47266027718436,1,-1,-1,-1
497,193,1707.071340175057,1376.6735858593918,82.6289542590734,194.20450498071276,1,-1,-1,-1
498,193,1713.2028920606033,1376.0917591259158,82.62753689927669,194.315223788046,1,-1,-1,-1
499,193,1719.2928601243316,1378.0556116631215,81.2012194758213,191.11182497193977,1,-1,-1,-1
500,193,1725.972043627229,1378.1105824086153,80.93725580683108,190.675821274155,1,-1,-1,-1
501,193,1730.1338914655237,1377.3457812712138,81.45763373940173,191.7606640042362,1,-1,-1,-1
502,193,1734.2090528776982,1376.558853955768,82.08230647464133,193.2103748711592,1,-1,-1,-1
503,193,1740.4812344344348,1376.8077663398467,81.73681436581282,192.3281460016319,1,-1,-1,-1
504,193,1744.8339887763152,1377.0882645628399,81.60308200457605,192.0692663883667,1,-1,-1,-1
505,193,1747.866247939545,1377.412373328932,82.05201083290363,192.9789924516155,1,-1,-1,-1
506,193,1750.0075753528718,1378.416276625668,81.77529434492375,192.4306092812162,1,-1,-1,-1
507,193,1754.8811459844333,1378.7823931946791,81.52492917370166,192.16414891540992,1,-1,-1,-1
508,193,1757.5874944631007,1382.7123002940727,81.01434767870785,191.1740818031413,1,-1,-1,-1
509,193,1759.1511568566725,1385.1351095489322,81.06847551131503,191.47668962130606,1,-1,-1,-1
510,193,1759.9132558363806,1387.1948848681545,81.00807411349655,191.4328529508466,1,-1,-1,-1
511,193,1759.8847768536828,1388.7409378559523,81.11983376455619,191.81723159740991,1,-1,-1,-1
512,193,1759.6752928143894,1390.1162456031363,81.4781828895194,192.86017163974645,1,-1,-1,-1
513,193,1758.7911185497649,1391.5700284548511,81.88557933127498,194.02936085425915,1,-1,-1,-1
514,193,1758.1189565194288,1396.6305478387615,81.05076082541628,192.1780807762949,1,-1,-1,-1
515,193,1757.0383186133013,1400.0558446070017,80.49188508861482,191.0776898175747,1,-1,-1,-1
516,193,1752.3178265665802,1402.4039778678732,81.0285974215308,191.85203723265133,1,-1,-1,-1
517,193,1749.6332372262525,1405.1686211660349,81.14819901083249,191.55484451883035,1,-1,-1,-1
518,193,1746.9521627367235,1405.7928346125104,82.07796189341245,193.2974511497964,1,-1,-1,-1
519,193,1743.7713882239502,1406.3102794955505,82.83921803967749,194.69139095690545,1,-1,-1,-1
520,193,1738.1504220893082,1412.5014768061403,81.60897293397854,191.70802675891525,1,-1,-1,-1
521,193,1734.970258644428,1415.8011496491456,81.22854020345429,190.61679246243787,1,-1,-1,-1
522,193,1731.0663491956266,1417.7532487169706,81.6614441214158,191.43322221217178,1,-1,-1,-1
523,193,1727.333287508914,1420.8262980188692,81.7471395457629,191.2936619013924,1,-1,-1,-1
524,193,1720.000227259465,1425.3102549560267,82.59461287359373,193.22086618836565,1,-1,-1,-1
525,193,1714.9680584372963,1429.2016421748765,82.82996873322615,193.44503257670567,1,-1,-1,-1
526,193,1711.6213597688204,1432.3317588941627,83.1004320627735,194.0163001701195,1,-1,-1,-1
527,193,1705.9031186311934,1435.2495328580362,83.04833764462745,194.41517315519846,1,-1,-1,-1
528,193,1700.6785482616406,1441.311635220528,82.60272554180594,193.5769510711454,1,-1,-1,-1
529,193,1693.6867836552906,1445.98456955425,82.24717713885639,193.49806408599255,1,-1,-1,-1
530,193,1688.6803681141303,1449.6344523721227,81.98520237523007,193.07705129939845,1,-1,-1,-1
531,193,1683.728152649161,1454.4513139847422,82.4934768365414,194.46842264532916,1,-1,-1,-1
532,193,1676.7183279872036,1457.6537933256407,83.08670729695733,196.12870153254724,1,-1,-1,-1
533,193,1671.4665572332713,1460.3123438495782,83.6164797674417,197.49495629867855,1,-1,-1,-1
534,193,1664.8099916903543,1467.641872159856,82.30559277982519,194.55724035839773,1,-1,-1,-1
535,193,1659.7861386958862,1470.6843877390636,83.00902762999482,196.03264621706907,1,-1,-1,-1
536,193,1655.4086214251352,1473.479389057475,83.21636492748361,196.06525356768648,1,-1,-1,-1
537,193,1648.4567285887265,1474.724086717619,84.58195706322857,199.12005978508213,1,-1,-1,-1
538,193,1644.581089239996,1476.236182538709,84.85268626013168,199.54705156769413,1,-1,-1,-1
539,193,1641.017364715607,1482.843492744589,84.05074005120066,197.6648985095524,1,-1,-1,-1
540,193,1634.6975104274873,1487.208694006255,83.99075623954826,197.7053359848525,1,-1,-1,-1
541,193,1630.783180207689,1489.9730183580434,84.06494309586724,197.80735947802356,1,-1,-1,-1
542,193,1627.0463895344396,1495.3537264888648,83.82151641351241,197.48967482594253,1,-1,-1,-1
543,193,1620.1781349502262,1499.0568080210642,84.2339493636604,198.52773060034843,1,-1,-1,-1
544,193,1615.4826483133695,1502.546332547398,84.45155398902332,198.9733378202659,1,-1,-1,-1
545,193,1611.0239920758502,1507.2451401602675,84.83314154169545,200.34435920574268,1,-1,-1,-1
546,193,1604.6659949597554,1512.37180676522,84.10831423534827,198.2864411493994,1,-1,-1,-1
547,193,1600.0689168942718,1515.5433063921946,83.81041925768882,197.42250877482286,1,-1,-1,-1
548,193,1596.584979514171,1517.5246897614556,84.10855423246134,197.90347170194096,1,-1,-1,-1
549,193,1590.5302507885579,1522.948367847649,84.19956127229241,198.32406272058532,1,-1,-1,-1
550,193,1585.9251194276817,1525.5779977169032,84.51210565051686,199.33516196000446,1,-1,-1,-1
551,193,1582.2680310665369,1526.7595959479202,84.98102123855428,200.50339004434986,1,-1,-1,-1
552,193,1575.9557523347582,1528.0147348293106,85.67810856744806,201.84939350318538,1,-1,-1,-1
553,193,1571.893885999424,1529.2189599082874,85.5439325505778,200.8408324697285,1,-1,-1,-1
554,193,1568.5406880777796,1530.0060173847958,85.41460102816514,200.3007431581556,1,-1,-1,-1
555,193,1562.7308631666563,1530.8051604595319,85.86543745917827,201.48229909779565,1,-1,-1,-1
556,193,1559.7499505614373,1532.5631221852027,85.02748955289205,199.85411797927526,1,-1,-1,-1
557,193,1556.318504258246,1536.821667423776,85.07006312851216,200.1064418145608,1,-1,-1,-1
558,193,1553.913676157894,1540.6201863653705,84.37651909393962,198.31654129379336,1,-1,-1,-1
559,193,1548.6429809978129,1542.4589399237793,85.13552487919438,200.2860898498891,1,-1,-1,-1
560,193,1545.740735719695,1543.7025180334756,85.47470060083157,201.2896711273855,1,-1,-1,-1
561,193,1543.4739727367567,1544.6063340396258,85.63737470637821,201.8058978994235,1,-1,-1,-1
562,193,1542.0097571552028,1545.5667238226417,85.56164206077096,201.53304735907167,1,-1,-1,-1
563,193,1540.4290903707006,1545.9545000244784,85.65460685626141,201.82618891734901,1,-1,-1,-1
564,193,1538.9121372323475,1549.7601309209367,85.29529864460974,201.34392075291044,1,-1,-1,-1
565,193,1538.0621632206075,1551.3013477015768,85.31280589498122,201.76259643266854,1,-1,-1,-1
566,193,1534.7135269110784,1553.8311566047844,84.12589499778468,199.7090439516595,1,-1,-1,-1
567,193,1533.294623924428,1555.0180198796004,83.55205522919668,198.7267738269836,1,-1,-1,-1
568,193,1532.4328840091948,1555.1573970051015,83.54893467882192,199.21842571702518,1,-1,-1,-1
569,193,1531.813460530053,1555.2559176559664,83.37421130867062,199.09258777500781,1,-1,-1,-1
570,193,1531.6734851941778,1555.7938285926798,82.69343762887723,197.48279600562515,1,-1,-1,-1
571,193,1531.0098884247122,1555.7621874902775,82.91250477159586,198.1460379280372,1,-1,-1,-1
572,193,1530.5374930288954,1556.2708331583437,82.66575423585314,197.70631315314614,1,-1,-1,-1
573,193,1530.1964379500923,1557.1558924550918,82.18273512637612,196.59241381455257,1,-1,-1,-1
574,193,1529.982000713234,1557.8962363874032,81.90608556053203,196.0390957008723,1,-1,-1,-1
575,193,1529.6504968823303,1559.193379115173,81.62012888996364,195.48576016620382,1,-1,-1,-1
576,193,1529.494972792337,1560.5707430827445,81.30905828167363,194.79667225026603,1,-1,-1,-1
577,193,1529.1967459436526,1561.365846441159,81.5963276784001,195.4454985676708,1,-1,-1,-1
578,193,1528.2717844639103,1561.7593119629955,81.8621174154303,196.21108523918153,1,-1,-1,-1
579,193,1527.5118064447793,1561.9146005989712,82.13275612362506,196.92125123116972,1,-1,-1,-1
580,193,1526.7064571305975,1565.60638315688,82.28329710274677,197.29536239075617,1,-1,-1,-1
581,193,1522.9692770680542,1568.9273197166028,81.30524515452994,194.51862478083694,1,-1,-1,-1
582,193,1520.8123813193984,1570.4097829170532,81.62939100519498,194.43678340954753,1,-1,-1,-1
583,193,1519.2870855197255,1570.7881102023905,82.23792000018393,195.24759469987546,1,-1,-1,-1
584,193,1518.069708691148,1570.8338438940807,82.75219873334147,195.87715370251684,1,-1,-1,-1
585,193,1516.78588121745,1570.5795904250272,83.33558916940478,196.80277257593755,1,-1,-1,-1
586,193,1515.394903461115,1570.6641002589345,83.41828477532427,196.51479473231186,1,-1,-1,-1
587,193,1514.2543443954523,1570.5973206264782,83.52043991348366,196.12331040541787,1,-1,-1,-1
588,193,1513.478203364907,1570.1013025591456,83.87277779095807,196.42921505658364,1,-1,-1,-1
589,193,1512.7616801186807,1569.224613563243,84.53016221287311,197.73138608641992,1,-1,-1,-1
590,193,1511.8075803853396,1568.846452805814,84.7634031806356,198.12239487672306,1,-1,-1,-1
591,193,1511.238426738627,1569.2667716935405,84.77425574027654,198.16852901609954,1,-1,-1,-1
592,193,1510.988502083841,1569.974452883034,84.50268248287595,197.6674616524402,1,-1,-1,-1
593,193,1507.1872543728969,1571.6087892242153,83.84912873757547,196.48671032895476,1,-1,-1,-1
594,193,1505.280024334561,1572.6481969729855,83.87329596784816,196.51831544299284,1,-1,-1,-1
595,193,1504.1724006550892,1573.7630191538965,83.8666105197799,196.34805483854106,1,-1,-1,-1
596,193,1503.4218654427034,1574.855752816653,83.7834955902813,195.94665167375865,1,-1,-1,-1
597,193,1503.0139576394959,1575.0777740697986,84.1675089011168,196.61013035832661,1,-1,-1,-1
598,193,1502.7069727764997,1574.8244128342865,84.62833161346602,197.44429950714581,1,-1,-1,-1
599,193,1502.5539660479642,1575.1418557593558,84.4874286978896,196.99627651887587,1,-1,-1,-1
600,193,1501.887682217589,1574.4268404860572,84.96078904640834,197.9838008965512,1,-1,-1,-1
601,193,1501.3449208011862,1574.3281525333869,84.91295730574113,197.68866829253142,1,-1,-1,-1
602,193,1500.9829568389875,1574.672816684756,84.55314136754656,196.62869937371156,1,-1,-1,-1
603,193,1500.6095641294569,1575.0993910649017,84.1980349070215,195.66210284902516,1,-1,-1,-1
604,193,1500.3745369486203,1575.239827213576,84.09431440830421,195.20496996563742,1,-1,-1,-1
605,193,1500.0065964638407,1574.8760092193934,84.31556968781356,195.57390189042397,1,-1,-1,-1
606,193,1499.7809135958857,1575.0037868459688,83.88492656726355,194.50609147477059,1,-1,-1,-1
607,193,1499.2742405734268,1574.1600174394089,84.27074402068656,195.33658823437617,1,-1,-1,-1
608,193,1499.0336461539212,1574.0313189972687,84.38231217419212,195.5099485892513,1,-1,-1,-1
609,193,1498.9302761762399,1574.1691401970882,84.27934320941581,195.16932028465624,1,-1,-1,-1
610,193,1499.2267747963665,1574.7236262621775,83.95563695335596,194.56760048339524,1,-1,-1,-1
611,193,1499.1772022429966,1575.0634182329293,83.82862110094081,194.4456968768714,1,-1,-1,-1
612,193,1499.0430224081992,1575.6858502278883,83.55479934633267,193.90408734721973,1,-1,-1,-1
613,193,1499.0031206574802,1576.0290752977114,82.88684867456575,192.37014788268277,1,-1,-1,-1
614,193,1498.3979305497824,1574.9352999317819,82.89471344553677,192.19225188091846,1,-1,-1,-1
615,193,1494.4039725482785,1574.440372150552,83.09065109774598,192.29494409720624,1,-1,-1,-1
616,193,1492.4414536293812,1573.0223474080078,83.6859947070578,193.40313352977742,1,-1,-1,-1
617,193,1491.6501967713336,1571.8818977605406,83.78583402774632,193.4947279938841,1,-1,-1,-1
618,193,1491.196030879157,1571.6646125919412,82.74241341085649,190.88686373161286,1,-1,-1,-1
619,193,1490.7330487839329,1570.8781234861133,82.48142354542104,190.25889553907442,1,-1,-1,-1
620,193,1490.0246367374289,1565.453265200924,83.65774269207641,193.31110268674638,1,-1,-1,-1
621,193,1489.6363644780956,1562.3869848531745,84.33026376099915,195.19015646288895,1,-1,-1,-1
622,193,1489.4088916341962,1560.5825332765578,84.32015561524177,195.45343848330631,1,-1,-1,-1
623,193,1489.206846844608,1559.4933542853169,84.07363142826468,195.29244040185313,1,-1,-1,-1
624,193,1488.1684912227229,1558.2315964338582,83.63455272593379,194.7487590612579,1,-1,-1,-1
625,193,1487.4805580009988,1556.8339110152174,83.18188947506447,194.28064303389596,1,-1,-1,-1
626,193,1486.458372264099,1555.5655504116598,82.61053786337733,193.28026466427085,1,-1,-1,-1
627,193,1485.3295929437645,1554.9864378697175,82.16373451919388,192.47793218885164,1,-1,-1,-1
628,193,1484.83655762806,1551.2502456535021,82.08693766012341,192.61819188086537,1,-1,-1,-1
629,193,1484.5799201255688,1549.6270347100206,82.12211021360636,192.6309342543538,1,-1,-1,-1
630,193,1484.2514311408852,1548.4473090365123,82.30167160382192,192.9317439614072,1,-1,-1,-1
631,193,1480.057846121758,1547.2469517553623,82.6766533599195,194.16281999732476,1,-1,-1,-1
632,193,1478.413128217174,1546.3685747184375,82.83504425345453,194.93670522399705,1,-1,-1,-1
633,193,1477.4231461932418,1545.4638019788165,82.86474134622378,195.07941033731475,1,-1,-1,-1
634,193,1476.9110334403185,1544.6222463685256,82.72601349681571,194.81366431464406,1,-1,-1,-1
635,193,1476.5749410520402,1544.3029759593894,82.4652205378136,194.15141191804952,1,-1,-1,-1
636,193,1476.1430693758243,1544.052808074496,82.17009817272829,193.3005141913348,1,-1,-1,-1
637,193,1475.5439183434867,1544.1963014197593,81.66642411686307,192.07352926544024,1,-1,-1,-1
638,193,1474.8843142157216,1545.4354349802172,80.7408554506195,189.82509732353085,1,-1,-1,-1
639,193,1474.3719093684556,1545.7950132378664,80.4832428309662,189.08593431351187,1,-1,-1,-1
640,193,1474.1404672464228,1545.9591284110415,80.41749490658249,188.9437930185711,1,-1,-1,-1
641,193,1473.5179337534619,1545.9785499480743,80.37741576074654,188.79976965966716,1,-1,-1,-1
642,193,1472.7201591123026,1546.0741402669441,80.51666694933884,189.11651161266056,1,-1,-1,-1
643,193,1471.7744794125483,1545.9389370827773,81.07420510407768,190.40552525853545,1,-1,-1,-1
644,193,1471.204512379314,1546.0590898137823,81.35364738384263,191.2827648302944,1,-1,-1,-1
645,193,1470.7983854070462,1547.037769271156,81.22806707466185,191.2472116724909,1,-1,-1,-1
646,193,1470.7793085431456,1549.098223948913,80.77422093060106,190.1286805123182,1,-1,-1,-1
647,193,1470.2713442205504,1549.4073548815486,81.39945570472132,191.3945128936365,1,-1,-1,-1
648,193,1467.0728311035007,1554.2760260069485,80.56546600076463,189.50639366918702,1,-1,-1,-1
649,193,1465.769258849068,1557.3661368935432,79.60561170651489,187.09155434466194,1,-1,-1,-1
650,193,1464.7340310848876,1559.0692015066807,79.23421974014174,185.83938539116227,1,-1,-1,-1
651,193,1463.4409320665711,1559.3959456785356,80.19107391644198,187.5766335461349,1,-1,-1,-1
652,193,1462.2354687108511,1560.3727610353656,81.2563430110859,189.86293097334234,1,-1,-1,-1
653,193,1461.0953592834155,1561.4005345620405,82.36175963793919,192.37756976891225,1,-1,-1,-1
654,193,1459.993670907679,1562.6938298783189,83.03277444779047,193.95307835495876,1,-1,-1,-1
655,193,1459.2116410109213,1568.5770891817292,82.0903830094898,191.54384755708753,1,-1,-1,-1
656,193,1457.3244748168452,1572.3039192629235,81.95586291663392,191.17635315016202,1,-1,-1,-1
657,193,1456.0043478334296,1574.865803812984,82.00144836758943,191.31238737586492,1,-1,-1,-1
658,193,1451.853464546754,1578.0654117896568,81.74318328474527,190.99549424893087,1,-1,-1,-1
659,193,1449.5009852780495,1584.005858104196,81.28857951793424,189.92430018260583,1,-1,-1,-1
660,193,1446.4414096727648,1587.6662775522295,82.43194402009841,192.54320772770131,1,-1,-1,-1
661,193,1443.508364950419,1590.7083147993908,82.89155542777114,193.731339588345,1,-1,-1,-1
662,193,1441.5214765135738,1598.0278349341193,82.44718508638536,192.6621985887348,1,-1,-1,-1
663,193,1436.8921805254815,1603.4933756338073,82.46488378505465,192.4416111627843,1,-1,-1,-1
664,193,1433.8106063749199,1611.0419625866734,81.98139350716649,191.42315898386755,1,-1,-1,-1
665,193,1430.4840539880945,1615.894445307205,82.65986344285818,192.8983614662326,1,-1,-1,-1
666,193,1427.5293259515968,1619.1702040404714,83.57356407663401,194.9778395718395,1,-1,-1,-1
667,193,1421.8626693122176,1626.7472642659002,84.09804352389726,196.23356314503698,1,-1,-1,-1
668,193,1418.449963626242,1631.6260511624387,84.79592947260743,197.3788768652904,1,-1,-1,-1
669,193,1415.2649470075546,1639.248952424014,85.09071357571608,197.6051770525938,1,-1,-1,-1
670,193,1411.8764724133905,1644.399816715163,85.94207136308948,199.23821801113155,1,-1,-1,-1
671,193,1406.4016116008274,1654.4153686673958,85.13290774092773,196.90762043938253,1,-1,-1,-1
672,193,1403.1001332053597,1660.8201077255692,84.91981957150935,196.3002398221482,1,-1,-1,-1
673,193,1399.6523697660032,1669.4891969294492,84.6165676173251,195.61044621340133,1,-1,-1,-1
674,193,1396.8584887194693,1674.8184707415792,85.3498576260971,197.18245511891024,1,-1,-1,-1
675,193,1391.1499100637811,1683.089936493428,85.64155075337789,197.82866496362612,1,-1,-1,-1
676,193,1386.5310847830524,1688.2544480396568,86.41500330697087,199.4618807919271,1,-1,-1,-1
677,193,1382.7138691404698,1697.4305790171297,86.3234428326373,198.86133829169535,1,-1,-1,-1
678,193,1376.046864932444,1702.5517212388484,87.27576948170045,200.46512439158107,1,-1,-1,-1
679,193,1371.4289515827027,1710.8000164347548,88.077822664681,201.9032587539368,1,-1,-1,-1
680,193,1368.097128462073,1715.7763015340652,88.3616747807677,202.30805472502038,1,-1,-1,-1
681,193,1362.0642307367846,1723.3496436624998,89.18318501311748,204.28557751176672,1,-1,-1,-1
682,193,1358.4290330610982,1730.099403857222,88.35353207530984,202.57389083366527,1,-1,-1,-1
683,193,1354.6704612346823,1739.9893760022305,87.58083359603245,200.98884352518837,1,-1,-1,-1
684,193,1348.238023145137,1749.3521912134922,87.63902207789549,201.3796377792259,1,-1,-1,-1
685,193,1343.7677061159318,1756.1422605410166,87.720917643729,201.70422228195085,1,-1,-1,-1
686,193,1339.187569840267,1763.145863143038,88.53072856493873,203.85670138411922,1,-1,-1,-1
687,193,1332.992398758512,1769.281010340064,88.75803933961383,205.043735794351,1,-1,-1,-1
688,193,1326.2386140761978,1776.3797729161342,89.34382921086504,207.46816450792952,1,-1,-1,-1
689,193,1318.6620005436325,1783.2112620065577,88.86139787609693,206.6737464726665,1,-1,-1,-1
690,193,1312.3150867061922,1790.2790884004562,89.09481528911563,207.6381967489433,1,-1,-1,-1
691,193,1305.1467237763618,1796.8402051496792,89.13699401925015,207.50187913618564,1,-1,-1,-1
692,193,1299.0600510204113,1803.6518446660666,89.52455585312805,208.3569789300616,1,-1,-1,-1
693,193,1291.0096014392125,1810.1895345059327,89.88910266998032,208.8735420884119,1,-1,-1,-1
694,193,1286.490662512007,1818.1974090358485,89.12661052768095,206.53346706909792,1,-1,-1,-1
695,193,1281.0393144605107,1821.71482270845,90.71258259101896,210.03145109756062,1,-1,-1,-1
696,193,1273.25307310958,1824.7565251663275,91.9747417787773,212.3230645105538,1,-1,-1,-1
697,193,1266.859310292381,1829.937034350231,92.68767999562436,214.00971847249932,1,-1,-1,-1
698,193,1259.4166076029526,1835.736684715793,92.61835179811688,213.03929959977114,1,-1,-1,-1
699,193,1253.71333047679,1839.0883645389408,92.73281029287608,212.578266568434,1,-1,-1,-1
700,193,1245.6660422042223,1845.54247926214,92.65215236584538,212.16890510827176,1,-1,-1,-1
701,193,1239.997284390285,1850.6523016291424,92.8492825653141,212.06452353310914,1,-1,-1,-1
702,193,1230.7398107533518,1853.0518770620129,93.97119305378061,213.92053007319495,1,-1,-1,-1
703,193,1223.6136727442672,1858.2453896025554,94.8744259132116,215.65638879384926,1,-1,-1,-1
704,193,1215.2512159747462,1862.2534466883446,95.33059448005886,216.1756214851726,1,-1,-1,-1
705,193,1208.595323681838,1865.2524554311185,95.73163352264004,216.1901906374111,1,-1,-1,-1
706,193,1198.8717536870445,1870.2402215496102,96.13901906639701,216.38948163328544,1,-1,-1,-1
707,193,1192.0037274731476,1872.2645101615694,97.17353194650306,218.76700326300266,1,-1,-1,-1
708,193,1183.8935169223957,1875.0080721810612,96.52271850782664,217.40964314332604,1,-1,-1,-1
709,193,1174.1894073265191,1877.2545392431964,96.08476593035374,216.06135587546268,1,-1,-1,-1
710,193,1167.2236417858478,1878.794745223665,95.58147408905342,214.5702888782406,1,-1,-1,-1
711,193,1157.7633065292318,1878.5867630428916,96.4708133509395,216.6947146083805,1,-1,-1,-1
712,193,1150.302295759366,1877.9824546678065,97.0653827008272,217.91559945852782,1,-1,-1,-1
713,193,1140.5017975810517,1877.5948886197818,97.42323652132148,217.96711071005083,1,-1,-1,-1
714,193,1130.3731516301948,1877.705174977151,96.87197972925337,216.69449089208635,1,-1,-1,-1
715,193,1123.003192810034,1877.1748531232433,96.40381923218007,215.7928462083574,1,-1,-1,-1
716,193,1113.2504917499148,1876.6814207638008,96.27827951461184,215.41661159658014,1,-1,-1,-1
717,193,1102.4073231102147,1874.6816547979624,97.0605741738334,217.4888176919765,1,-1,-1,-1
718,193,1093.3189440462334,1872.6887145285682,97.54196466030733,218.49413342499665,1,-1,-1,-1
719,193,1082.1469228850815,1870.9503566447358,98.00527159543984,219.14804363839139,1,-1,-1,-1
720,193,1071.362737480075,1871.0142654125536,96.79464826870267,216.85401362162386,1,-1,-1,-1
721,193,1059.4810132631003,1871.14050930627,95.89240667981943,214.86607620683645,1,-1,-1,-1
722,193,1046.4381371777883,1867.3317803088814,96.02452233801198,214.7552094127037,1,-1,-1,-1
723,193,1032.1679508131838,1865.5298851652617,96.4896581359637,215.78782819890236,1,-1,-1,-1
724,193,1017.9798248744197,1862.814209191955,96.66068491784901,216.2086877631819,1,-1,-1,-1
725,193,1003.7164590996721,1860.6571711901463,96.50745935498139,216.163792050205,1,-1,-1,-1
726,193,988.709019042771,1857.0566979326934,96.5491562377095,216.43011361800302,1,-1,-1,-1
727,193,973.4577420049285,1851.5372177374495,97.12873720322123,217.38294100064695,1,-1,-1,-1
728,193,958.0365687282821,1847.7242869718657,97.30039982217393,217.73382103569878,1,-1,-1,-1
729,193,941.0573036420037,1842.1855269095695,98.06319490343651,219.09133601920658,1,-1,-1,-1
730,193,924.3892044334926,1836.288036255429,98.10428121091996,218.71357845193708,1,-1,-1,-1
731,193,903.5202495124746,1831.571548522761,99.13647519405671,220.62680282001833,1,-1,-1,-1
732,193,883.9728062494592,1826.6978159292808,99.71319629664849,221.4565575063168,1,-1,-1,-1
733,193,861.1272661922237,1819.5882270097077,100.96006341845076,223.6536105265696,1,-1,-1,-1
734,193,840.8447993695067,1815.1840958589466,101.08867906189144,223.68245796544144,1,-1,-1,-1
735,193,817.779253965646,1811.1552632729442,101.1940388704784,223.3038328000772,1,-1,-1,-1
736,193,796.0779699737478,1804.7639911772096,101.91396277194531,224.44282590026492,1,-1,-1,-1
737,193,772.8390487602193,1800.6825302051188,102.89674094918283,226.03865083634122,1,-1,-1,-1
738,193,751.1994089925097,1796.186256724775,102.97299533770044,225.8597971467331,1,-1,-1,-1
739,193,727.4478752011615,1789.9390576126054,103.22209929229454,225.99191118986164,1,-1,-1,-1
740,193,702.4203117003372,1787.3208647782433,101.87480146344157,222.89700588408138,1,-1,-1,-1
741,193,680.542226942324,1783.8051166261948,102.4161540719635,223.44862116053966,1,-1,-1,-1
742,193,656.4235571440366,1777.5003204611894,102.31642089556959,222.91504345973658,1,-1,-1,-1
743,193,630.2815317186045,1770.943793616082,104.10722579469892,226.30351215589334,1,-1,-1,-1
744,193,607.3262581906779,1765.3126222340857,105.09396096539183,228.45151738242978,1,-1,-1,-1
745,193,584.5355861861331,1759.9052329767453,104.50005227693637,226.51854498230287,1,-1,-1,-1
746,193,563.537319548339,1755.9326468170516,104.21396083967556,225.10109317256845,1,-1,-1,-1
747,193,539.4200868868238,1751.3029110218831,105.3217798947139,226.82348401808488,1,-1,-1,-1
748,193,519.8176811070658,1744.5718498436336,105.21922310937335,226.05113414174562,1,-1,-1,-1
749,193,496.6412085975894,1738.5830585291503,106.57989916192058,227.96824103705558,1,-1,-1,-1
750,193,477.07107677420845,1736.1739787101706,106.3447225943599,226.5095989028109,1,-1,-1,-1
751,193,454.59333721149056,1729.2986946299654,107.38493318146081,228.12812238796744,1,-1,-1,-1
752,193,435.24577269015356,1725.3224795844403,107.9124081843559,229.02856325955798,1,-1,-1,-1
753,193,414.1325862201815,1723.7134987211057,107.14178855574532,227.43943544595527,1,-1,-1,-1
754,193,394.682800840789,1719.888941497857,108.45284417707511,230.23113370639376,1,-1,-1,-1
755,193,378.00398766692706,1716.0809821147004,107.9405893420783,229.25689038480928,1,-1,-1,-1
756,193,361.93431463023063,1714.134660780931,106.96606316983198,227.08026779067904,1,-1,-1,-1
757,193,341.15653506046283,1708.9287685748636,109.43769299492715,231.64141495150824,1,-1,-1,-1
758,193,324.05327677431285,1706.5811445682289,109.973292703103,231.7768445926136,1,-1,-1,-1
759,193,307.98041464102903,1700.26416602783,111.21280058859227,233.90428776885767,1,-1,-1,-1
760,193,292.7124406030198,1697.247034308381,111.94908729502083,234.283282506812,1,-1,-1,-1
761,193,277.58082783351523,1692.6352892459988,114.2219508461353,237.47324631931673,1,-1,-1,-1
762,193,263.20394501184296,1689.4423724715473,115.24750080005283,238.32469306995546,1,-1,-1,-1
763,193,249.03233003000904,1687.2337097713753,116.17640416847901,238.48466588632004,1,-1,-1,-1
764,193,241.55586321108115,1683.390165106529,115.13931779263044,235.83748839086988,1,-1,-1,-1
765,193,229.67816812402867,1679.8776374523375,115.70877311922769,236.08225127072782,1,-1,-1,-1
766,193,216.68006697216322,1676.9803785373408,117.04086158472876,237.11493391638945,1,-1,-1,-1
767,193,204.55985692309105,1674.6134642935253,118.87100229241608,238.80790756796048,1,-1,-1,-1
768,193,197.11434717899715,1672.9540483683938,119.49443075009674,239.20975809670455,1,-1,-1,-1
769,193,187.86081222794596,1669.1461354065011,119.64586926333465,239.3102529608636,1,-1,-1,-1
770,193,178.30894392168108,1668.670786046827,119.00775735194121,237.28623677592844,1,-1,-1,-1
771,193,173.37570854465912,1667.3016958131777,118.67606179836156,236.45005055749752,1,-1,-1,-1
772,193,169.57924254101067,1667.290605796762,118.39664939168628,235.70842276523248,1,-1,-1,-1
773,193,162.7880617445583,1665.596500409193,118.99093286059848,236.50380835905406,1,-1,-1,-1
774,193,159.1342836775124,1664.0066432550602,119.65649218894534,237.81711241959002,1,-1,-1,-1
775,193,157.56231841077175,1663.1721869761677,119.48814476195562,237.53470677545573,1,-1,-1,-1
776,193,157.17251860187002,1663.8826407370634,118.11995194552402,234.70464414542042,1,-1,-1,-1
777,193,156.67712081266905,1662.6577226332338,118.23013289225116,234.82451365150703,1,-1,-1,-1
778,193,156.90656950359585,1661.4006309640347,118.28397293288852,234.71860425868954,1,-1,-1,-1
779,193,159.65130577417384,1658.4281541867635,117.46422610712551,233.15762570056992,1,-1,-1,-1
780,193,161.93612229269692,1655.830520224137,117.41946100361703,233.17719510167973,1,-1,-1,-1
781,193,168.9136772441689,1654.2323646868829,116.81371019948485,232.46132956708612,1,-1,-1,-1
782,193,174.2800797807315,1653.458708715547,116.62977606509538,232.4867558483822,1,-1,-1,-1
783,193,183.5412951929427,1653.8431068585496,114.77134324676487,229.32647765816665,1,-1,-1,-1
784,193,188.70502482767904,1653.0835775443104,114.86788043173564,230.10981828459998,1,-1,-1,-1
785,193,192.29767058435777,1651.077848981023,115.70500687195752,232.24869075017278,1,-1,-1,-1
786,193,199.96044334626595,1650.2120352456295,115.69870342731839,232.72691372968228,1,-1,-1,-1
787,193,205.94532790741752,1650.2211571950215,115.54953234951456,232.83954227356787,1,-1,-1,-1
788,193,215.10162118959937,1650.7813490371163,114.42566223459383,230.82409025729478,1,-1,-1,-1
789,193,220.99998163558305,1649.287509156319,115.2225545524115,232.31050796615773,1,-1,-1,-1
790,193,229.84674578711335,1648.9421404925242,114.77919922167557,232.0349439476453,1,-1,-1,-1
791,193,236.3065817202403,1649.7378326319217,114.29889543994653,230.7924604639612,1,-1,-1,-1
792,193,245.2089475101865,1648.9070213169032,114.65958052435388,231.53849013031737,1,-1,-1,-1
793,193,251.4565932263351,1648.1936906047326,114.95866147209485,232.19116953795307,1,-1,-1,-1
794,193,261.1785679482172,1645.761169291594,113.23546929548561,229.12878036447015,1,-1,-1,-1
795,193,266.6021953414499,1644.587784610156,113.14436262385959,228.80413104037524,1,-1,-1,-1
796,193,274.3721657691023,1643.4567383788064,112.82427008241753,228.4536314171717,1,-1,-1,-1
797,193,279.6418402338161,1641.900865056165,114.09269337868382,231.19437331484244,1,-1,-1,-1
798,193,283.2828112031591,1641.4730623740702,114.12175210267374,230.71704139232745,1,-1,-1,-1
799,193,290.097202841628,1641.3176890994716,113.59919837789795,229.7445364248947,1,-1,-1,-1
800,193,295.73454062415635,1641.4483723700168,112.89136879743776,227.987911325213,1,-1,-1,-1
801,193,303.1305199121781,1641.2197794323254,112.23276909626387,227.33312367761772,1,-1,-1,-1
802,193,307.63333267405665,1640.2211611289624,112.75975384843667,228.39997114079415,1,-1,-1,-1
803,193,311.7040212972907,1640.7434968712155,112.27370013634278,226.53316583221027,1,-1,-1,-1
804,193,317.8217065035338,1641.0555148291933,111.55699471295421,224.96333371962623,1,-1,-1,-1
805,193,322.6053699816982,1642.4285973253711,110.20241323961805,222.40867946285027,1,-1,-1,-1
806,193,326.79063706881084,1643.6795859050285,108.83750768919009,219.603864869615,1,-1,-1,-1
807,193,332.57938029216916,1642.4290115930842,109.81045239943676,221.8574742460074,1,-1,-1,-1
808,193,335.4380437417159,1640.8280798539736,110.84884550894998,224.1078214766595,1,-1,-1,-1
809,193,337.60685367640235,1640.1078286751817,111.05175668762536,224.36994633202332,1,-1,-1,-1
810,193,340.47232259695244,1640.668478061335,110.12343766544599,222.22320159645372,1,-1,-1,-1
811,193,347.04581248492343,1640.3157427138426,109.42100855694228,220.81286000043926,1,-1,-1,-1
812,193,351.0721226091092,1640.957935155799,108.15395827982191,218.45972279986682,1,-1,-1,-1
813,193,354.37235525175777,1637.454525998282,108.46341790297255,219.42264925693698,1,-1,-1,-1
814,193,356.7646681040665,1636.0178782844062,108.43266336579931,220.00281706348167,1,-1,-1,-1
815,193,364.04467049237667,1636.7324995762413,106.56165570868741,217.0452849735383,1,-1,-1,-1
816,193,367.28661383988424,1636.3910406271707,106.11895669274422,216.97683287740594,1,-1,-1,-1
817,193,368.44072426320685,1635.287511466134,106.583638150826,218.70006974137178,1,-1,-1,-1
818,193,369.57569560198243,1634.6231056690756,106.54578362590723,219.25227540662618,1,-1,-1,-1
819,193,370.79362545163553,1634.6574098881795,106.26775994000673,219.32507317168668,1,-1,-1,-1
820,193,371.76769050536865,1634.6200435698227,106.02554892797068,219.43688069290326,1,-1,-1,-1
821,193,372.58998995638467,1634.8087812445979,105.45047909469493,218.6395431104555,1,-1,-1,-1
822,193,373.0294629077343,1634.45397706097,105.48240744088471,219.13861324207753,1,-1,-1,-1
823,193,377.379961561296,1634.4374112738992,105.18473539348786,218.77768400711963,1,-1,-1,-1
824,193,378.74010215104954,1633.832438141904,105.47301011926066,219.50782049076608,1,-1,-1,-1
825,193,374.39311072449505,1632.4937069946977,107.0607872229884,222.7123469746536,1,-1,-1,-1
826,193,372.1094605905339,1631.2110904912563,108.13045228121722,224.7527546019052,1,-1,-1,-1
827,193,370.145654258831,1628.9768295162305,109.2663566348031,226.711550219475,1,-1,-1,-1
828,193,368.43402276917027,1628.0960371974604,109.6211153594,227.0138471270338,1,-1,-1,-1
829,193,366.6015407858227,1627.412164061927,110.10096783164954,227.76780544864127,1,-1,-1,-1
830,193,364.96962569198985,1627.5107571173512,109.781566814871,226.71140054275045,1,-1,-1,-1
831,193,358.56305012876413,1626.5498995527391,110.28596033083417,226.9461476079586,1,-1,-1,-1
832,193,354.74648791565414,1625.5334595672625,110.93156482328446,227.65333688155224,1,-1,-1,-1
833,193,351.68572572706313,1625.3874487929852,110.82633209389338,227.53526957545114,1,-1,-1,-1
834,193,348.90985419688525,1625.5416116002348,110.5551190941055,226.9726130714923,1,-1,-1,-1
835,193,343.230445080033,1625.378432235243,109.92885246095834,224.9189813694384,1,-1,-1,-1
836,193,338.4450829099617,1623.9182137262326,110.7176327666676,226.50933473075045,1,-1,-1,-1
837,193,335.12077383084375,1624.3803553655462,109.86872450515189,224.95276367943563,1,-1,-1,-1
838,193,328.0880008773156,1624.5787200764119,109.17642155254693,223.3368861623066,1,-1,-1,-1
839,193,322.90091390665384,1621.1233113731746,108.9940574445132,223.13061578335757,1,-1,-1,-1
840,193,314.99223539172147,1619.0631527193168,109.59835871799098,224.0301081414652,1,-1,-1,-1
841,193,309.5186884874865,1618.1999838802512,109.23919772190753,223.26245144767427,1,-1,-1,-1
842,193,306.691302214669,1618.578235312028,107.39186953026164,219.39055423574365,1,-1,-1,-1
843,193,299.44298846930474,1617.920162036832,107.0846177104808,218.99279207583368,1,-1,-1,-1
844,193,294.3118061833227,1616.2111330582559,107.43682453413354,219.89568330824417,1,-1,-1,-1
845,193,286.32764263531715,1614.7214619940903,107.95244250249289,220.93769758685113,1,-1,-1,-1
846,193,281.05613335191896,1612.7596017200876,108.55415465186263,221.9077085793253,1,-1,-1,-1
846,238,3722.2971262247015,1645.6489013671876,122.0680034099725,288.25419921875,1,-1,-1,-1
847,193,277.9328033489064,1612.3210305997436,108.5898772442714,221.9887526058767,1,-1,-1,-1
847,238,3678.873685871581,1638.5993690595833,126.12918662257374,294.918119680062,1,-1,-1,-1
848,193,271.2699617504595,1612.2770840930662,108.06156151466784,220.76941223578567,1,-1,-1,-1
848,238,3632.039959600397,1637.7902074057777,127.38509207098984,294.2039019424675,1,-1,-1,-1
849,193,267.24262772938744,1612.3346421995748,107.1599658794768,218.87954238786108,1,-1,-1,-1
849,238,3586.37481126291,1641.0611555618896,127.63229232529928,290.70864768040286,1,-1,-1,-1
850,193,263.19715777587544,1611.574453429015,107.3467921949721,219.61123683547487,1,-1,-1,-1
850,238,3541.8167834326296,1640.6490503651503,128.1524991645121,287.5770375525869,1,-1,-1,-1
851,193,256.006559508622,1607.8692969053961,107.83582923205832,220.75810425879573,1,-1,-1,-1
851,238,3498.3197285861497,1643.0397709186345,128.25851508733143,283.1703063436813,1,-1,-1,-1
852,193,251.9067851428059,1607.0329736179424,107.09365801058898,219.45294886715482,1,-1,-1,-1
852,238,3454.1400185441803,1640.4479178202814,133.172478796719,288.22522068447216,1,-1,-1,-1
853,193,249.45746587274112,1607.0792587135768,106.13074828211276,217.812773501335,1,-1,-1,-1
853,238,3410.9729186599966,1641.3579124094397,135.60867633762538,289.60217692813956,1,-1,-1,-1
854,193,243.24657652941738,1606.4141425231646,106.1169714646156,217.7226579248779,1,-1,-1,-1
854,238,3376.7038659681807,1644.612534221529,135.00229807202555,285.0980740482166,1,-1,-1,-1
855,193,239.4558470723548,1603.3947774262324,107.43606011180738,220.5844915177713,1,-1,-1,-1
855,238,3337.5621480648765,1641.994281467484,135.04833225135093,282.8700148486704,1,-1,-1,-1
856,193,236.79229054813135,1600.6585960356517,108.65876605477784,222.97385498039415,1,-1,-1,-1
856,238,3304.9226823721087,1635.5310093815087,134.2203015018664,279.126579748841,1,-1,-1,-1
857,193,234.0664329038491,1599.0879033745543,108.85419998082739,223.46110214505651,1,-1,-1,-1
857,238,3271.253923248357,1631.73116013721,124.97072945497749,257.20397118546373,1,-1,-1,-1
858,193,228.04303041139335,1597.2095709029538,109.28024221480808,224.2011301014157,1,-1,-1,-1
859,193,223.13695535426336,1594.7402791953018,111.06203211564014,227.7539252127604,1,-1,-1,-1
860,193,220.1440265820786,1594.5716679560971,110.91739233314694,227.47700492328485,1,-1,-1,-1
861,193,217.99308091215235,1594.1105940012922,110.56503828085518,227.1150205076515,1,-1,-1,-1
862,193,211.53412064820404,1590.6276262834672,110.40213690878585,226.93828176575715,1,-1,-1,-1
863,193,207.5459322589188,1592.2159288089254,110.36932278644588,226.97063841590864,1,-1,-1,-1
864,193,204.97108518328218,1590.335552514607,109.88075194101353,226.10918157347578,1,-1,-1,-1
865,193,197.61858986727694,1587.9764539140212,111.32607345028543,229.15291667306093,1,-1,-1,-1
865,238,2979.840293966475,1627.8267036600855,135.39120975453687,280.64770006916115,1,-1,-1,-1
866,193,194.22437193294653,1588.952570331901,109.93524356244147,226.6897863119635,1,-1,-1,-1
867,193,192.2029424572117,1590.2920585382694,108.37229451532322,223.7315506664459,1,-1,-1,-1
868,193,185.6659651698967,1590.4683579185946,108.17441007534995,223.47365244026827,1,-1,-1,-1
869,193,182.45062016500816,1594.0214476867425,107.6387333887873,222.64554504003334,1,-1,-1,-1
870,193,179.90211839720146,1591.9082296869021,107.82354789809911,223.16319026530104,1,-1,-1,-1
870,239,2853.329694320385,1624.2652587890625,90.9184433904799,149.5281982421875,1,-1,-1,-1
871,193,178.06260931173802,1591.8839603565705,107.09244225780535,221.95379769360108,1,-1,-1,-1
871,239,2825.7403753720628,1622.1417738663247,92.73806567695753,152.55034319786452,1,-1,-1,-1
872,193,170.829669214993,1593.5864847634305,108.47225828136868,224.33865096881402,1,-1,-1,-1
873,193,166.78786602348242,1594.9953183476086,108.7848541398359,224.187970060854,1,-1,-1,-1
873,238,2750.3596818491674,1629.0958801715199,109.35934037554841,227.21971013789963,1,-1,-1,-1
874,193,163.78696780070806,1595.7201217508496,109.3908674008405,224.5784895147002,1,-1,-1,-1
875,193,161.95042754936588,1596.1249544403527,109.68185697106384,224.811077590714,1,-1,-1,-1
876,193,161.36199947869622,1597.8464453147544,108.89516393790079,222.85494967859847,1,-1,-1,-1
876,239,2674.9019831248825,1624.9529845543698,103.29848566832557,170.18223234564311,1,-1,-1,-1
877,193,157.1873018375809,1599.2711758227717,109.1260983460329,223.09285421071897,1,-1,-1,-1
877,239,2652.4000783174974,1624.2375019311864,105.55663580313899,174.86909640762067,1,-1,-1,-1
878,193,160.32951385401546,1601.673950411037,108.35790895394628,221.6294866291943,1,-1,-1,-1
879,193,162.55598809624297,1604.627765096632,107.13527904596381,219.2279706053556,1,-1,-1,-1
879,239,2599.4927539851215,1624.5246057224074,107.47494091693748,179.48209414624915,1,-1,-1,-1
880,193,163.97122557054414,1606.4053573945425,106.83115146348831,218.79785137818143,1,-1,-1,-1
880,239,2578.344782535123,1626.5602581900257,111.69186910388086,188.3956877009076,1,-1,-1,-1
881,193,164.8029868371547,1606.552805142372,107.505253562151,220.68937423367865,1,-1,-1,-1
881,239,2553.093421332373,1627.5293398272433,114.53546323046987,194.8031438081754,1,-1,-1,-1
882,193,165.09251341671205,1609.1481015561371,108.80816137937458,223.48918925576226,1,-1,-1,-1
882,239,2533.7831947594864,1629.9074566046706,113.21769563011628,193.90150072598257,1,-1,-1,-1
883,193,167.87726922586987,1612.0165145825586,108.68988302060478,223.4597333057777,1,-1,-1,-1
883,239,2509.9094234578147,1631.5960564287598,112.58102221310808,194.03224134634428,1,-1,-1,-1
884,193,175.40871462498168,1615.3491914102185,108.0725822508984,222.91924768539732,1,-1,-1,-1
884,239,2487.0079196148536,1638.8291163905783,121.96578409502834,213.7336097030462,1,-1,-1,-1
885,193,181.28005011827537,1617.6821392841032,107.81781958076724,223.095123764387,1,-1,-1,-1
885,239,2473.5415858416877,1639.9506831917236,117.01558454603328,207.01420405902107,1,-1,-1,-1
886,193,190.65506234656027,1619.164741242663,107.29132482206947,222.03638092621213,1,-1,-1,-1
886,239,2455.339393273424,1643.4557807739752,111.5309135886662,197.21819814906556,1,-1,-1,-1
887,193,202.05909974593962,1621.1270589826847,106.60111032256451,220.73827807298474,1,-1,-1,-1
887,239,2439.632618541017,1646.3451403820602,109.48259996092125,194.99967208203637,1,-1,-1,-1
888,193,207.599199469153,1622.78478768167,108.96265013375672,225.55479632976787,1,-1,-1,-1
888,239,2423.3099975372734,1647.7158180972024,109.22103273538303,194.65274147776816,1,-1,-1,-1
889,193,218.18284959749712,1625.080276785257,109.74972677211578,226.9856124821834,1,-1,-1,-1
889,239,2406.3581147436803,1648.9487786826605,113.687404396816,204.38593651794096,1,-1,-1,-1
890,193,232.0846160697925,1628.1661632773264,108.74738219738876,224.88475055842278,1,-1,-1,-1
890,239,2392.1236419830157,1652.4660366908515,112.78343702809221,203.67120794187366,1,-1,-1,-1
891,193,247.18752636606376,1631.7887265836582,106.61344491167361,220.46121604867665,1,-1,-1,-1
891,239,2380.4790183883565,1655.5198197769691,112.51857769398558,203.63940010855146,1,-1,-1,-1
892,193,261.13500729080516,1633.9540361060035,107.16393372886944,221.4885974088282,1,-1,-1,-1
892,239,2374.1356008513844,1658.9792599623177,110.92432929592931,201.6954344802619,1,-1,-1,-1
893,193,275.0309758838761,1637.5661976631336,108.13829055789238,223.72647360154926,1,-1,-1,-1
893,239,2363.5143086768494,1664.1491935575239,110.13775765753499,202.43097049594505,1,-1,-1,-1
894,193,290.6569457484178,1640.3416384666857,108.19290191347626,223.8765725426182,1,-1,-1,-1
894,239,2352.692935184329,1668.5353940815392,106.65461085176399,197.48810487078572,1,-1,-1,-1
895,193,306.35985561392,1643.1481556178617,108.34439397422008,224.1756330207613,1,-1,-1,-1
895,239,2341.9131245790672,1671.691041862936,104.37552501001834,194.58555974958213,1,-1,-1,-1
896,193,323.0102080655261,1645.1877633770048,108.08041680968245,223.85815006989975,1,-1,-1,-1
896,239,2335.51756294597,1672.6884345006235,104.13760317685345,195.307184472739,1,-1,-1,-1
897,193,344.65276254718367,1647.4285507649001,106.99534629791266,222.29321138968442,1,-1,-1,-1
897,239,2329.9446397091024,1676.461872744659,98.63193991214202,185.69869607479615,1,-1,-1,-1
898,193,363.8818431508756,1648.9496004781336,106.37236156724535,221.58048244115753,1,-1,-1,-1
898,239,2318.44415492376,1675.257024404383,100.33789474844625,189.07973777099295,1,-1,-1,-1
899,193,382.28546048578096,1650.0000143340935,105.57044459247678,220.4946428090397,1,-1,-1,-1
899,239,2312.2489749035535,1674.1879251237988,101.85362823059403,192.55850627291127,1,-1,-1,-1
900,193,406.2881157810998,1656.6595828469149,102.60872053236056,215.0625416006716,1,-1,-1,-1
900,239,2309.9728910101467,1677.1222177593438,100.71392622940606,191.33842150254202,1,-1,-1,-1
901,193,431.265893714648,1659.4762283092211,101.79326312546748,213.67274271707336,1,-1,-1,-1
901,239,2303.637614480903,1679.0148091968638,99.79907626941021,189.66611944437238,1,-1,-1,-1
902,193,452.3423843238355,1662.399868260797,100.12232146527455,210.47963401909448,1,-1,-1,-1
902,239,2297.656367895717,1681.7550365048241,101.8983866770864,194.27925768406263,1,-1,-1,-1
903,193,477.3780229895491,1665.62041245934,98.03738570943827,206.51541907240704,1,-1,-1,-1
903,239,2295.138600561508,1684.5577879177413,102.42493000249965,195.70652525127284,1,-1,-1,-1
904,193,498.5329689931007,1664.697029422391,99.67503348346021,210.4662447514048,1,-1,-1,-1
904,239,2295.590101327248,1687.424893568602,100.98696764772333,193.51898051502386,1,-1,-1,-1
905,193,524.5183617503455,1665.3631831474918,98.99183569188631,209.71354893866055,1,-1,-1,-1
905,239,2296.2319592097156,1692.0469306798018,98.6462218406186,188.8812538180134,1,-1,-1,-1
906,193,549.9031431121804,1664.057165618551,98.54732109534466,209.447538598458,1,-1,-1,-1
906,239,2291.292151549476,1691.1543060524427,99.02797122477934,189.06944393845302,1,-1,-1,-1
907,193,577.5389201545088,1664.0160919009663,97.24533913707862,207.7394731060712,1,-1,-1,-1
907,239,2288.2334642268333,1686.751176378023,102.20090077312159,195.0594951799161,1,-1,-1,-1
908,193,601.7029663878432,1663.7440241849824,96.40708226020192,206.49754960359954,1,-1,-1,-1
908,239,2292.09365620375,1684.4254626123425,102.8164888649588,196.59642518679837,1,-1,-1,-1
909,193,629.3688847470685,1665.2962318497946,94.30787222113409,202.40280463566503,1,-1,-1,-1
909,239,2295.0272010525496,1684.9027104133847,101.40297678911504,193.67131551317786,1,-1,-1,-1
910,193,657.4038195857468,1664.8976259160584,93.70456525461556,201.59619161699027,1,-1,-1,-1
910,239,2295.8649582299936,1683.7630347246852,101.6784820304735,194.25135226833112,1,-1,-1,-1
911,193,685.9748494373803,1661.4753617558474,93.14624740668147,200.69303309113795,1,-1,-1,-1
911,239,2297.798862129167,1679.903076348292,101.72488461810445,193.3336677332242,1,-1,-1,-1
912,193,715.1766594195805,1659.5458138695328,93.04964096192982,200.7439212733983,1,-1,-1,-1
912,239,2300.866178399046,1679.0909368924638,99.6843625124919,189.27263911750046,1,-1,-1,-1
913,193,744.4964562072487,1657.7030480810652,93.30222234243082,201.9995820246488,1,-1,-1,-1
913,239,2303.097995439489,1678.5418884601709,100.17626338698636,189.76972593454292,1,-1,-1,-1
914,193,778.8031175310981,1658.3530670504945,91.41815605650154,198.31220231251248,1,-1,-1,-1
914,239,2309.7683214180734,1678.8243099251697,104.20369899368829,196.89570887317709,1,-1,-1,-1
915,193,811.2884233198942,1657.96873923075,89.0846251316592,193.98804948730958,1,-1,-1,-1
915,239,2316.0005888113087,1676.970203066283,101.9988696916691,191.9696253364226,1,-1,-1,-1
916,193,843.1893464262347,1655.6316717341053,88.7444676651237,193.93086639110155,1,-1,-1,-1
916,239,2327.3846531258364,1675.33666059,101.91258474317723,192.27080234077886,1,-1,-1,-1
917,193,875.2490184168446,1651.4439936867482,88.12208289191332,192.876443142196,1,-1,-1,-1
917,239,2335.24934955424,1668.1271910820387,107.11667483317748,201.85171727925905,1,-1,-1,-1
918,193,910.627071907204,1651.09224505414,85.76500112437084,187.97090015798946,1,-1,-1,-1
918,239,2346.6792921090046,1670.0773347392783,98.47307057248362,183.51228503371223,1,-1,-1,-1
919,193,944.2360040728055,1650.0073128110794,84.08753243650105,184.599119127872,1,-1,-1,-1
919,239,2357.395101851707,1667.576188451241,98.52813963565333,182.46354270829454,1,-1,-1,-1
920,193,975.6131663567534,1646.07363397623,85.32542312632651,187.7940019151268,1,-1,-1,-1
920,239,2369.9022682605023,1665.7584826717257,98.36588386190714,181.71520410313266,1,-1,-1,-1
921,193,1011.9937506832564,1640.5555402240598,84.54872719359909,186.27131877988242,1,-1,-1,-1
921,239,2376.3062052346154,1662.5336973994733,99.98907469970557,183.53042781810626,1,-1,-1,-1
922,193,1044.8098936746637,1635.6345480445855,84.86045304083441,187.41660334750298,1,-1,-1,-1
922,239,2387.6874513889293,1662.1615203386818,99.05453639216243,180.88631913293477,1,-1,-1,-1
923,193,1076.773790783638,1630.8004754732578,84.69001998531266,188.06144339448934,1,-1,-1,-1
923,239,2400.8269241955577,1658.5875262259347,100.89133584009504,183.9651338395215,1,-1,-1,-1
924,193,1112.6129684731495,1625.0220155408795,83.63275206898727,185.9975126886765,1,-1,-1,-1
924,239,2412.586671677682,1650.6084740361312,102.94928060575228,187.1649394861879,1,-1,-1,-1
925,193,1145.4583934343398,1620.4130548930486,83.27105538283818,185.51666985602145,1,-1,-1,-1
925,239,2424.5689972972373,1642.879927899727,105.79520001671358,192.20060627519928,1,-1,-1,-1
926,193,1177.6890571420277,1616.3466337779153,82.87830879655414,185.16145369561866,1,-1,-1,-1
926,239,2438.97584466656,1637.8269247662597,103.75164294181667,187.61033237153745,1,-1,-1,-1
927,193,1212.4492779261195,1609.9817498031002,82.63221609304412,185.10347216243332,1,-1,-1,-1
927,239,2453.2731746795534,1629.9825721373738,104.93111097346343,189.2370664925439,1,-1,-1,-1
928,193,1245.2936633896575,1603.7742890167565,82.41584455799138,185.29849994206373,1,-1,-1,-1
928,239,2468.7019398931,1626.1377865642548,102.26342100640892,184.06009455622453,1,-1,-1,-1
929,193,1277.543941692498,1597.9593794191446,81.2701568449821,182.97418911873058,1,-1,-1,-1
929,239,2482.1690800048223,1618.1133681672961,103.20852365368741,185.35945669221303,1,-1,-1,-1
930,193,1308.743311188558,1594.1723842229903,80.11478224775068,180.80168602792043,1,-1,-1,-1
930,239,2499.917569004334,1614.2967597808577,98.9914259461924,176.97902300927453,1,-1,-1,-1
931,193,1343.3310636648114,1590.8388889927398,78.79125416020166,178.46731283632678,1,-1,-1,-1
931,239,2518.221381145096,1613.1968008580575,95.08672893226407,169.36511366693463,1,-1,-1,-1
932,193,1375.3996434758483,1585.2695321103843,77.74100225071486,176.6663495235573,1,-1,-1,-1
932,239,2533.0904885601185,1606.7470883935925,93.83483944647246,165.0590831004897,1,-1,-1,-1
933,193,1407.234906103647,1580.420818608577,76.38939469095396,174.07575022598056,1,-1,-1,-1
933,239,2547.565882708774,1600.9247189043933,95.37169517915123,166.66582547016193,1,-1,-1,-1
934,193,1437.4712234985773,1572.641570994871,76.67924369474349,174.84718232962146,1,-1,-1,-1
935,193,1467.9504379581113,1568.3538907696686,75.19477564197655,171.9598081876464,1,-1,-1,-1
935,239,2575.4832898348195,1584.8971235666988,98.66452115042914,170.90920946143024,1,-1,-1,-1
936,193,1500.7101993917026,1559.1702601777406,75.86356400263709,173.86104121376127,1,-1,-1,-1
936,239,2593.238042089465,1581.8246587286383,92.7323751491484,158.58536214967384,1,-1,-1,-1
937,193,1530.854041379183,1552.6090461250087,75.88349512573822,174.46156818606295,1,-1,-1,-1
937,239,2606.1652025567405,1570.8595010092347,96.85974255817091,166.6649714561049,1,-1,-1,-1
938,193,1560.6823472653,1544.4939316951138,75.5702225487728,173.94819099759928,1,-1,-1,-1
938,239,2625.5718042220897,1562.7957870744788,95.37846108913942,165.26813959268648,1,-1,-1,-1
939,193,1589.6295620641692,1537.9743867954367,75.42209543243878,174.19552597702,1,-1,-1,-1
939,239,2640.714597609829,1554.6906918960904,97.32649531962426,169.44377706498474,1,-1,-1,-1
940,193,1618.694224812159,1531.0256240028893,74.76806484233875,172.72748533898744,1,-1,-1,-1
940,239,2656.8847525514193,1547.6177304349033,95.52613220494655,166.07577066992235,1,-1,-1,-1
941,193,1646.7164907389176,1522.8756095344768,74.97134120550987,173.83360619586614,1,-1,-1,-1
941,239,2671.3463893402322,1541.30582244964,95.63182323695392,167.42679730338088,1,-1,-1,-1
942,193,1675.064734341876,1515.5045102118947,74.07858498232811,172.12230894402595,1,-1,-1,-1
942,239,2687.145864158031,1536.8109550125869,95.91869009873892,168.42557273410952,1,-1,-1,-1
943,193,1703.5411645229647,1510.2620824251444,72.94297932197243,170.21621231737322,1,-1,-1,-1
943,239,2700.7417519084565,1527.8821086900168,95.98719520483446,168.9932129621927,1,-1,-1,-1
944,193,1731.8233794074329,1502.4492168088657,72.5226438608012,169.56906712540595,1,-1,-1,-1
944,239,2717.329741377777,1523.3413344772073,90.52931087258739,157.98738733839576,1,-1,-1,-1
945,193,1755.5502752520622,1497.7935446847089,71.20446618875383,166.82505118417757,1,-1,-1,-1
946,193,1779.997868411333,1489.0444935415294,72.61490543226353,170.0840335391121,1,-1,-1,-1
947,193,1805.3192010228674,1484.6299105159983,71.36075769707446,167.29678976425228,1,-1,-1,-1
948,193,1827.0098714194482,1475.7649358968865,72.42710782349508,169.98640601095798,1,-1,-1,-1
948,239,2767.5195652451393,1500.5510557263015,91.0502162369021,159.07254934421803,1,-1,-1,-1
949,193,1850.8381595527742,1471.493241892983,71.74132686766009,168.43158833765202,1,-1,-1,-1
949,239,2779.368698100179,1492.9978538153644,90.54345859284396,158.6120091345169,1,-1,-1,-1
950,193,1875.411621410555,1467.668189111399,71.00966011988521,167.07139202731955,1,-1,-1,-1
950,239,2793.501733367016,1483.6868032919424,88.05393292880929,153.6009943116103,1,-1,-1,-1
951,193,1897.4215749416676,1461.1623218587085,71.02683667873164,167.047461882619,1,-1,-1,-1
951,239,2805.095328204095,1475.1864878003735,91.48900168964312,159.2383876015037,1,-1,-1,-1
952,193,1920.3730241527517,1456.0966180883902,70.77593047914891,166.5270128960464,1,-1,-1,-1
953,193,1940.2208871515788,1449.5705494027525,70.67611193338222,166.50699782847522,1,-1,-1,-1
954,193,1961.5050283116884,1445.6317887666848,70.17855083030355,165.55784577454503,1,-1,-1,-1
955,193,1979.694902953828,1441.619420935681,69.65856603784142,164.4495422162146,1,-1,-1,-1
955,239,2851.293223338473,1455.6385440544352,82.73458239207174,145.79686129218396,1,-1,-1,-1
956,193,1996.8240350112335,1435.3501500405062,69.90988145784365,164.82020599761202,1,-1,-1,-1
957,193,2012.1200849375127,1431.1668703874932,69.86017225981035,164.6330466113104,1,-1,-1,-1
957,239,2863.1595850745225,1444.8744936771072,87.21191503943632,155.13584087539743,1,-1,-1,-1
958,193,2027.0623115238711,1427.753642901712,69.19957761293185,163.32766236590027,1,-1,-1,-1
958,239,2865.991922997058,1442.9247080382688,87.35086413101843,156.11863301765078,1,-1,-1,-1
959,193,2040.6632475739548,1422.1720121806388,69.198589280989,163.2147129454977,1,-1,-1,-1
959,239,2869.31553531981,1440.9511664661818,82.84080827234433,148.684731404185,1,-1,-1,-1
960,193,2053.8750739231527,1418.8274187507018,69.23864136875743,162.94672536056135,1,-1,-1,-1
